0 0 0 0 0 0
0 1 0 0 0 0
0 2 0 0 0 0
0 3 0 0 0 0
0 4 0 0 0 0
0 5 0 0 0 0
0 6 0 0 0 0
0 7 0 0 0 0
0 8 0 0 0 0
0 9 0 0 0 0
0 10 0 0 0 0
0 11 0 0 0 0
0 12 0 0 0 0
0 13 0 0 0 0
0 14 0 0 0 0
0 15 0 0 0 0
0 16 0 0 0 0
0 17 0 0 0 0
0 18 0 0 0 0
0 19 0 0 0 0
0 20 0 0 0 0
0 21 0 0 0 0
0 22 0 0 0 0
0 23 0 0 0 0
0 24 0 0 0 0
0 25 0 0 0 0
0 26 0 0 0 0
0 27 0 0 0 0
0 28 0 0 0 0
0 29 0 0 0 0
0 30 0 0 0 0
0 31 0 0 0 0
0 32 0 0 0 0
0 33 0 0 0 0
0 34 0 0 0 0
0 35 0 0 0 0
0 36 0 0 0 0
0 37 0 0 0 0
0 38 0 0 0 0
0 39 0 0 0 0
0 40 0 0 0 0
0 41 0 0 0 0
0 42 0 0 0 0
0 43 0 0 0 0
0 44 0 0 0 0
0 45 0 0 0 0
0 46 0 0 0 0
0 47 0 0 0 0
0 48 0 0 0 0
0 49 0 0 0 0
0 50 0 0 0 0
0 51 0 0 0 0
0 52 0 0 0 0
0 53 0 0 0 0
0 54 0 0 0 0
0 55 0 0 0 0
0 56 0 0 0 0
0 57 0 0 0 0
0 58 0 0 0 0
0 59 0 0 0 0
0 60 0 0 0 0
0 61 0 0 0 0
0 62 0 0 0 0
0 63 0 0 0 0
0 64 0 0 0 0
0 65 0 0 0 0
0 66 0 0 0 0
0 67 0 0 0 0
0 68 0 0 0 0
0 69 0 0 0 0
0 70 0 0 0 0
0 71 0 0 0 0
0 72 0 0 0 0
0 73 0 0 0 0
0 74 0 0 0 0
0 75 0 0 0 0
0 76 0 0 0 0
0 77 0 0 0 0
0 78 0 0 0 0
0 79 0 0 0 0
0 80 0 0 0 0
0 81 0 0 0 0
0 82 0 0 0 0
0 83 0 0 0 0
0 84 0 0 0 0
0 85 0 0 0 0
0 86 0 0 0 0
0 87 0 0 0 0
0 88 0 0 0 0
0 89 0 0 0 0
0 90 0 0 0 0
0 91 0 0 0 0
0 92 0 0 0 0
0 93 0 0 0 0
0 94 0 0 0 0
0 95 0 0 0 0
0 96 0 0 0 0
0 97 0 0 0 0
0 98 0 0 0 0
0 99 0 0 0 0
0 100 0 0 0 0
0 101 0 0 0 0
0 102 0 0 0 0
0 103 0 0 0 0
0 104 0 0 0 0
0 105 0 0 0 0
0 106 0 0 0 0
0 107 0 0 0 0
0 108 0 0 0 0
0 109 0 0 0 0
0 110 0 0 0 0
0 111 0 0 0 0
0 112 0 0 0 0
0 113 0 0 0 0
0 114 0 0 0 0
0 115 0 0 0 0
0 116 0 0 0 0
0 117 0 0 0 0
0 118 0 0 0 0
0 119 0 0 0 0
0 120 0 0 0 0
0 121 0 0 0 0
0 122 0 0 0 0
0 123 0 0 0 0
0 124 0 0 0 0
0 125 0 0 0 0
0 126 0 0 0 0
0 127 0 0 0 0
0 128 0 0 0 0
0 129 0 0 0 0
0 130 0 0 0 0
0 131 0 0 0 0
0 132 0 0 0 0
0 133 0 0 0 0
0 134 0 0 0 0
0 135 0 0 0 0
0 136 0 0 0 0
0 137 0 0 0 0
0 138 0 0 0 0
0 139 0 0 0 0
0 140 0 0 0 0
0 141 0 0 0 0
0 142 0 0 0 0
0 143 0 0 0 0
0 144 0 0 0 0
0 145 0 0 0 0
0 146 0 0 0 0
0 147 0 0 0 0
0 148 0 0 0 0
0 149 0 0 0 0
0 150 0 0 0 0
0 151 0 0 0 0
0 152 0 0 0 0
0 153 0 0 0 0
0 154 0 0 0 0
0 155 0 0 0 0
0 156 0 0 0 0
0 157 0 0 0 0
0 158 0 0 0 0
0 159 0 0 0 0
0 160 0 0 0 0
0 161 0 0 0 0
0 162 0 0 0 0
0 163 0 0 0 0
0 164 0 0 0 0
0 165 0 0 0 0
0 166 0 0 0 0
0 167 0 0 0 0
0 168 0 0 0 0
0 169 0 0 0 0
0 170 0 0 0 0
0 171 0 0 0 0
0 172 0 0 0 0
0 173 0 0 0 0
0 174 0 0 0 0
0 175 0 0 0 0
0 176 0 0 0 0
0 177 0 0 0 0
0 178 0 0 0 0
0 179 0 0 0 0
0 180 0 0 0 0
0 181 0 0 0 0
0 182 0 0 0 0
0 183 0 0 0 0
0 184 0 0 0 0
0 185 0 0 0 0
0 186 0 0 0 0
0 187 0 0 0 0
0 188 0 0 0 0
0 189 0 0 0 0
0 190 0 0 0 0
0 191 0 0 0 0
0 192 0 0 0 0
0 193 0 0 0 0
0 194 0 0 0 0
0 195 0 0 0 0
0 196 0 0 0 0
0 197 0 0 0 0
0 198 0 0 0 0
0 199 0 0 0 0
0 200 0 0 0 0
0 201 0 0 0 0
0 202 0 0 0 0
0 203 0 0 0 0
0 204 0 0 0 0
0 205 0 0 0 0
0 206 0 0 0 0
0 207 0 0 0 0
0 208 0 0 0 0
0 209 0 0 0 0
0 210 0 0 0 0
0 211 0 0 0 0
0 212 0 0 0 0
0 213 0 0 0 0
0 214 0 0 0 0
0 215 0 0 0 0
0 216 0 0 0 0
0 217 0 0 0 0
0 218 0 0 0 0
0 219 0 0 0 0
0 220 0 0 0 0
0 221 0 0 0 0
0 222 0 0 0 0
0 223 0 0 0 0
0 224 0 0 0 0
0 225 0 0 0 0
0 226 0 0 0 0
0 227 0 0 0 0
0 228 0 0 0 0
0 229 0 0 0 0
0 230 0 0 0 0
0 231 0 0 0 0
0 232 0 0 0 0
0 233 0 0 0 0
0 234 0 0 0 0
0 235 0 0 0 0
0 236 0 0 0 0
0 237 0 0 0 0
0 238 0 0 0 0
0 239 0 0 0 0
0 240 0 0 0 0
0 241 0 0 0 0
0 242 0 0 0 0
0 243 0 0 0 0
0 244 0 0 0 0
0 245 0 0 0 0
0 246 0 0 0 0
0 247 0 0 0 0
0 248 0 0 0 0
0 249 0 0 0 0
0 250 0 0 0 0
0 251 0 0 0 0
0 252 0 0 0 0
0 253 0 0 0 0
0 254 0 0 0 0
0 255 0 0 0 0
0 256 0 0 0 0
0 257 0 0 0 0
0 258 0 0 0 0
0 259 0 0 0 0
0 260 0 0 0 0
0 261 0 0 0 0
0 262 0 0 0 0
0 263 0 0 0 0
0 264 0 0 0 0
0 265 0 0 0 0
0 266 0 0 0 0
0 267 0 0 0 0
0 268 0 0 0 0
0 269 0 0 0 0
0 270 0 0 0 0
0 271 0 0 0 0
0 272 0 0 0 0
0 273 0 0 0 0
0 274 0 0 0 0
0 275 0 0 0 0
0 276 0 0 0 0
0 277 0 0 0 0
0 278 0 0 0 0
0 279 0 0 0 0
0 280 0 0 0 0
0 281 0 0 0 0
0 282 0 0 0 0
0 283 0 0 0 0
0 284 0 0 0 0
0 285 0 0 0 0
0 286 0 0 0 0
0 287 0 0 0 0
0 288 0 0 0 0
0 289 0 0 0 0
0 290 0 0 0 0
0 291 0 0 0 0
0 292 0 0 0 0
0 293 0 0 0 0
0 294 0 0 0 0
0 295 0 0 0 0
0 296 0 0 0 0
0 297 0 0 0 0
0 298 0 0 0 0
0 299 0 0 0 0
0 300 0 0 0 0
0 301 0 0 0 0
0 302 0 0 0 0
0 303 0 0 0 0
0 304 0 0 0 0
0 305 0 0 0 0
0 306 0 0 0 0
0 307 0 0 0 0
0 308 0 0 0 0
0 309 0 0 0 0
0 310 0 0 0 0
0 311 0 0 0 0
0 312 0 0 0 0
0 313 0 0 0 0
0 314 0 0 0 0
0 315 0 0 0 0
0 316 0 0 0 0
0 317 0 0 0 0
0 318 0 0 0 0
0 319 0 0 0 0
0 320 0 0 0 0
0 321 0 0 0 0
0 322 0 0 0 0
0 323 0 0 0 0
0 324 0 0 0 0
0 325 0 0 0 0
0 326 0 0 0 0
0 327 0 0 0 0
0 328 0 0 0 0
0 329 0 0 0 0
0 330 0 0 0 0
0 331 0 0 0 0
0 332 0 0 0 0
0 333 0 0 0 0
0 334 0 0 0 0
0 335 0 0 0 0
0 336 0 0 0 0
0 337 0 0 0 0
0 338 0 0 0 0
0 339 0 0 0 0
0 340 0 0 0 0
0 341 0 0 0 0
0 342 0 0 0 0
0 343 0 0 0 0
0 344 0 0 0 0
0 345 0 0 0 0
0 346 0 0 0 0
0 347 0 0 0 0
0 348 0 0 0 0
0 349 0 0 0 0
0 350 0 0 0 0
0 351 0 0 0 0
0 352 0 0 0 0
0 353 0 0 0 0
0 354 0 0 0 0
0 355 0 0 0 0
0 356 0 0 0 0
0 357 0 0 0 0
0 358 0 0 0 0
0 359 0 0 0 0
0 360 0 0 0 0
0 361 0 0 0 0
0 362 0 0 0 0
0 363 0 0 0 0
0 364 0 0 0 0
0 365 0 0 0 0
0 366 0 0 0 0
0 367 0 0 0 0
0 368 0 0 0 0
0 369 0 0 0 0
0 370 0 0 0 0
0 371 0 0 0 0
0 372 0 0 0 0
0 373 0 0 0 0
0 374 0 0 0 0
0 375 0 0 0 0
0 376 0 0 0 0
0 377 0 0 0 0
0 378 0 0 0 0
0 379 0 0 0 0
0 380 0 0 0 0
0 381 0 0 0 0
0 382 0 0 0 0
0 383 0 0 0 0
0 384 0 0 0 0
0 385 0 0 0 0
0 386 0 0 0 0
0 387 0 0 0 0
0 388 0 0 0 0
0 389 0 0 0 0
0 390 0 0 0 0
0 391 0 0 0 0
0 392 0 0 0 0
0 393 0 0 0 0
0 394 0 0 0 0
0 395 0 0 0 0
0 396 0 0 0 0
0 397 0 0 0 0
0 398 0 0 0 0
0 399 0 0 0 0
0 400 0 0 0 0
0 401 0 0 0 0
0 402 0 0 0 0
0 403 0 0 0 0
0 404 0 0 0 0
0 405 0 0 0 0
0 406 0 0 0 0
0 407 0 0 0 0
0 408 0 0 0 0
0 409 0 0 0 0
0 410 0 0 0 0
0 411 0 0 0 0
0 412 0 0 0 0
0 413 0 0 0 0
0 414 0 0 0 0
0 415 0 0 0 0
0 416 0 0 0 0
0 417 0 0 0 0
0 418 0 0 0 0
0 419 0 0 0 0
0 420 0 0 0 0
0 421 0 0 0 0
0 422 0 0 0 0
0 423 0 0 0 0
0 424 0 0 0 0
0 425 0 0 0 0
0 426 0 0 0 0
0 427 0 0 0 0
0 428 0 0 0 0
0 429 0 0 0 0
0 430 0 0 0 0
0 431 0 0 0 0
0 432 0 0 0 0
0 433 0 0 0 0
0 434 0 0 0 0
0 435 0 0 0 0
0 436 0 0 0 0
0 437 0 0 0 0
0 438 0 0 0 0
0 439 0 0 0 0
0 440 0 0 0 0
0 441 0 0 0 0
0 442 0 0 0 0
0 443 0 0 0 0
0 444 0 0 0 0
0 445 0 0 0 0
0 446 0 0 0 0
0 447 0 0 0 0
0 448 0 0 0 0
0 449 0 0 0 0
0 450 0 0 0 0
0 451 0 0 0 0
0 452 0 0 0 0
0 453 0 0 0 0
0 454 0 0 0 0
0 455 0 0 0 0
0 456 0 0 0 0
0 457 0 0 0 0
0 458 0 0 0 0
0 459 0 0 0 0
0 460 0 0 0 0
0 461 0 0 0 0
0 462 0 0 0 0
0 463 0 0 0 0
0 464 0 0 0 0
0 465 0 0 0 0
0 466 0 0 0 0
0 467 0 0 0 0
0 468 0 0 0 0
0 469 0 0 0 0
0 470 0 0 0 0
0 471 0 0 0 0
0 472 0 0 0 0
0 473 0 0 0 0
0 474 0 0 0 0
0 475 0 0 0 0
0 476 0 0 0 0
0 477 0 0 0 0
0 478 0 0 0 0
0 479 0 0 0 0
0 480 0 0 0 0
0 481 0 0 0 0
0 482 0 0 0 0
0 483 0 0 0 0
0 484 0 0 0 0
0 485 0 0 0 0
0 486 0 0 0 0
0 487 0 0 0 0
0 488 0 0 0 0
0 489 0 0 0 0
0 490 0 0 0 0
0 491 0 0 0 0
0 492 0 0 0 0
0 493 0 0 0 0
0 494 0 0 0 0
0 495 0 0 0 0
0 496 0 0 0 0
0 497 0 0 0 0
0 498 0 0 0 0
0 499 0 0 0 0
0 500 0 0 0 0
0 501 0 0 0 0
0 502 0 0 0 0
0 503 0 0 0 0
0 504 0 0 0 0
0 505 0 0 0 0
0 506 0 0 0 0
0 507 0 0 0 0
0 508 0 0 0 0
0 509 0 0 0 0
0 510 0 0 0 0
0 511 0 0 0 0
1 0 0 0 0 0
1 1 0 0 0 0
1 2 0 0 0 0
1 3 0 0 0 0
1 4 0 0 0 0
1 5 0 0 0 0
1 6 0 0 0 0
1 7 0 0 0 0
1 8 0 0 0 0
1 9 0 0 0 0
1 10 -80 -80 -80 0
1 11 352 352 352 0
1 12 0 0 0 0
1 13 0 0 0 0
1 14 0 0 0 0
1 15 0 0 0 0
1 16 0 0 0 0
1 17 0 0 0 0
1 18 0 0 0 0
1 19 0 0 0 0
1 20 0 0 0 0
1 21 0 0 0 0
1 22 0 0 0 0
1 23 0 0 0 0
1 24 0 0 0 0
1 25 0 0 0 0
1 26 -80 -80 -80 0
1 27 -16 -16 -16 0
1 28 0 0 0 0
1 29 0 0 0 0
1 30 0 0 0 0
1 31 0 0 0 0
1 32 0 0 0 0
1 33 0 0 0 0
1 34 0 0 0 0
1 35 0 0 0 0
1 36 0 0 0 0
1 37 0 0 0 0
1 38 0 0 0 0
1 39 0 0 0 0
1 40 0 0 0 0
1 41 0 0 0 0
1 42 -272 -272 -272 0
1 43 -96 -96 -96 0
1 44 0 0 0 0
1 45 0 0 0 0
1 46 0 0 0 0
1 47 0 0 0 0
1 48 0 0 0 0
1 49 0 0 0 0
1 50 0 0 0 0
1 51 0 0 0 0
1 52 0 0 0 0
1 53 0 0 0 0
1 54 0 0 0 0
1 55 0 0 0 0
1 56 0 0 0 0
1 57 0 0 0 0
1 58 -304 -304 -304 0
1 59 272 272 272 0
1 60 0 0 0 0
1 61 0 0 0 0
1 62 0 0 0 0
1 63 0 0 0 0
1 64 0 0 0 0
1 65 0 0 0 0
1 66 0 0 0 0
1 67 0 0 0 0
1 68 0 0 0 0
1 69 0 0 0 0
1 70 0 0 0 0
1 71 0 0 0 0
1 72 0 0 0 0
1 73 0 0 0 0
1 74 -192 -192 -192 0
1 75 736 736 736 0
1 76 0 0 0 0
1 77 0 0 0 0
1 78 0 0 0 0
1 79 0 0 0 0
1 80 0 0 0 0
1 81 0 0 0 0
1 82 0 0 0 0
1 83 0 0 0 0
1 84 0 0 0 0
1 85 0 0 0 0
1 86 0 0 0 0
1 87 0 0 0 0
1 88 0 0 0 0
1 89 0 0 0 0
1 90 608 608 608 0
1 91 -32 -32 -32 0
1 92 0 0 0 0
1 93 0 0 0 0
1 94 0 0 0 0
1 95 0 0 0 0
1 96 0 0 0 0
1 97 0 0 0 0
1 98 0 0 0 0
1 99 0 0 0 0
1 100 0 0 0 0
1 101 0 0 0 0
1 102 0 0 0 0
1 103 0 0 0 0
1 104 0 0 0 0
1 105 0 0 0 0
1 106 512 512 512 0
1 107 80 80 80 0
1 108 0 0 0 0
1 109 0 0 0 0
1 110 0 0 0 0
1 111 0 0 0 0
1 112 0 0 0 0
1 113 0 0 0 0
1 114 0 0 0 0
1 115 0 0 0 0
1 116 0 0 0 0
1 117 0 0 0 0
1 118 0 0 0 0
1 119 0 0 0 0
1 120 0 0 0 0
1 121 0 0 0 0
1 122 608 608 608 0
1 123 32 32 32 0
1 124 0 0 0 0
1 125 0 0 0 0
1 126 0 0 0 0
1 127 0 0 0 0
1 128 0 0 0 0
1 129 0 0 0 0
1 130 0 0 0 0
1 131 0 0 0 0
1 132 0 0 0 0
1 133 0 0 0 0
1 134 0 0 0 0
1 135 0 0 0 0
1 136 0 0 0 0
1 137 0 0 0 0
1 138 352 352 352 0
1 139 432 432 432 0
1 140 0 0 0 0
1 141 0 0 0 0
1 142 0 0 0 0
1 143 0 0 0 0
1 144 0 0 0 0
1 145 0 0 0 0
1 146 0 0 0 0
1 147 0 0 0 0
1 148 0 0 0 0
1 149 0 0 0 0
1 150 0 0 0 0
1 151 0 0 0 0
1 152 0 0 0 0
1 153 0 0 0 0
1 154 224 224 224 0
1 155 -336 -336 -336 0
1 156 0 0 0 0
1 157 0 0 0 0
1 158 0 0 0 0
1 159 0 0 0 0
1 160 0 0 0 0
1 161 0 0 0 0
1 162 0 0 0 0
1 163 0 0 0 0
1 164 0 0 0 0
1 165 0 0 0 0
1 166 0 0 0 0
1 167 0 0 0 0
1 168 0 0 0 0
1 169 0 0 0 0
1 170 -32 -32 -32 0
1 171 -144 -144 -144 0
1 172 0 0 0 0
1 173 0 0 0 0
1 174 0 0 0 0
1 175 0 0 0 0
1 176 0 0 0 0
1 177 0 0 0 0
1 178 0 0 0 0
1 179 0 0 0 0
1 180 0 0 0 0
1 181 0 0 0 0
1 182 0 0 0 0
1 183 0 0 0 0
1 184 0 0 0 0
1 185 0 0 0 0
1 186 880 880 880 0
1 187 400 400 400 0
1 188 0 0 0 0
1 189 0 0 0 0
1 190 0 0 0 0
1 191 0 0 0 0
1 192 0 0 0 0
1 193 0 0 0 0
1 194 0 0 0 0
1 195 0 0 0 0
1 196 0 0 0 0
1 197 0 0 0 0
1 198 0 0 0 0
1 199 0 0 0 0
1 200 0 0 0 0
1 201 0 0 0 0
1 202 240 240 240 0
1 203 320 320 320 0
1 204 0 0 0 0
1 205 0 0 0 0
1 206 0 0 0 0
1 207 0 0 0 0
1 208 0 0 0 0
1 209 0 0 0 0
1 210 0 0 0 0
1 211 0 0 0 0
1 212 0 0 0 0
1 213 0 0 0 0
1 214 0 0 0 0
1 215 0 0 0 0
1 216 0 0 0 0
1 217 0 0 0 0
1 218 -208 -208 -208 0
1 219 48 48 48 0
1 220 0 0 0 0
1 221 0 0 0 0
1 222 0 0 0 0
1 223 0 0 0 0
1 224 0 0 0 0
1 225 0 0 0 0
1 226 0 0 0 0
1 227 0 0 0 0
1 228 0 0 0 0
1 229 0 0 0 0
1 230 0 0 0 0
1 231 0 0 0 0
1 232 0 0 0 0
1 233 0 0 0 0
1 234 -16 -16 -16 0
1 235 -528 -528 -528 0
1 236 0 0 0 0
1 237 0 0 0 0
1 238 0 0 0 0
1 239 0 0 0 0
1 240 0 0 0 0
1 241 0 0 0 0
1 242 0 0 0 0
1 243 0 0 0 0
1 244 0 0 0 0
1 245 0 0 0 0
1 246 0 0 0 0
1 247 0 0 0 0
1 248 0 0 0 0
1 249 0 0 0 0
1 250 128 128 128 0
1 251 -400 -400 -400 0
1 252 0 0 0 0
1 253 0 0 0 0
1 254 0 0 0 0
1 255 0 0 0 0
1 256 0 0 0 0
1 257 0 0 0 0
1 258 0 0 0 0
1 259 0 0 0 0
1 260 0 0 0 0
1 261 0 0 0 0
1 262 0 0 0 0
1 263 0 0 0 0
1 264 0 0 0 0
1 265 0 0 0 0
1 266 -112 -112 -112 0
1 267 192 192 192 0
1 268 0 0 0 0
1 269 0 0 0 0
1 270 0 0 0 0
1 271 0 0 0 0
1 272 0 0 0 0
1 273 0 0 0 0
1 274 0 0 0 0
1 275 0 0 0 0
1 276 0 0 0 0
1 277 0 0 0 0
1 278 0 0 0 0
1 279 0 0 0 0
1 280 0 0 0 0
1 281 0 0 0 0
1 282 144 144 144 0
1 283 336 336 336 0
1 284 0 0 0 0
1 285 0 0 0 0
1 286 0 0 0 0
1 287 0 0 0 0
1 288 0 0 0 0
1 289 0 0 0 0
1 290 0 0 0 0
1 291 0 0 0 0
1 292 0 0 0 0
1 293 0 0 0 0
1 294 0 0 0 0
1 295 0 0 0 0
1 296 0 0 0 0
1 297 0 0 0 0
1 298 -288 -288 -288 0
1 299 448 448 448 0
1 300 0 0 0 0
1 301 0 0 0 0
1 302 0 0 0 0
1 303 0 0 0 0
1 304 0 0 0 0
1 305 0 0 0 0
1 306 0 0 0 0
1 307 0 0 0 0
1 308 0 0 0 0
1 309 0 0 0 0
1 310 0 0 0 0
1 311 0 0 0 0
1 312 0 0 0 0
1 313 0 0 0 0
1 314 48 48 48 0
1 315 -64 -64 -64 0
1 316 0 0 0 0
1 317 0 0 0 0
1 318 0 0 0 0
1 319 0 0 0 0
1 320 0 0 0 0
1 321 0 0 0 0
1 322 0 0 0 0
1 323 0 0 0 0
1 324 0 0 0 0
1 325 0 0 0 0
1 326 0 0 0 0
1 327 0 0 0 0
1 328 0 0 0 0
1 329 0 0 0 0
1 330 592 592 592 0
1 331 112 112 112 0
1 332 0 0 0 0
1 333 0 0 0 0
1 334 0 0 0 0
1 335 0 0 0 0
1 336 0 0 0 0
1 337 0 0 0 0
1 338 0 0 0 0
1 339 0 0 0 0
1 340 0 0 0 0
1 341 0 0 0 0
1 342 0 0 0 0
1 343 0 0 0 0
1 344 0 0 0 0
1 345 0 0 0 0
1 346 80 80 80 0
1 347 112 112 112 0
1 348 0 0 0 0
1 349 0 0 0 0
1 350 0 0 0 0
1 351 0 0 0 0
1 352 0 0 0 0
1 353 0 0 0 0
1 354 0 0 0 0
1 355 0 0 0 0
1 356 0 0 0 0
1 357 0 0 0 0
1 358 0 0 0 0
1 359 0 0 0 0
1 360 0 0 0 0
1 361 0 0 0 0
1 362 176 176 176 0
1 363 240 240 240 0
1 364 0 0 0 0
1 365 0 0 0 0
1 366 0 0 0 0
1 367 0 0 0 0
1 368 0 0 0 0
1 369 0 0 0 0
1 370 0 0 0 0
1 371 0 0 0 0
1 372 0 0 0 0
1 373 0 0 0 0
1 374 0 0 0 0
1 375 0 0 0 0
1 376 0 0 0 0
1 377 0 0 0 0
1 378 224 224 224 0
1 379 176 176 176 0
1 380 0 0 0 0
1 381 0 0 0 0
1 382 0 0 0 0
1 383 0 0 0 0
1 384 0 0 0 0
1 385 0 0 0 0
1 386 0 0 0 0
1 387 0 0 0 0
1 388 0 0 0 0
1 389 0 0 0 0
1 390 0 0 0 0
1 391 0 0 0 0
1 392 0 0 0 0
1 393 0 0 0 0
1 394 -176 -176 -176 0
1 395 224 224 224 0
1 396 0 0 0 0
1 397 0 0 0 0
1 398 0 0 0 0
1 399 0 0 0 0
1 400 0 0 0 0
1 401 0 0 0 0
1 402 0 0 0 0
1 403 0 0 0 0
1 404 0 0 0 0
1 405 0 0 0 0
1 406 0 0 0 0
1 407 0 0 0 0
1 408 0 0 0 0
1 409 0 0 0 0
1 410 352 352 352 0
1 411 176 176 176 0
1 412 0 0 0 0
1 413 0 0 0 0
1 414 0 0 0 0
1 415 0 0 0 0
1 416 0 0 0 0
1 417 0 0 0 0
1 418 0 0 0 0
1 419 0 0 0 0
1 420 0 0 0 0
1 421 0 0 0 0
1 422 0 0 0 0
1 423 0 0 0 0
1 424 0 0 0 0
1 425 0 0 0 0
1 426 -384 -384 -384 0
1 427 560 560 560 0
1 428 0 0 0 0
1 429 0 0 0 0
1 430 0 0 0 0
1 431 0 0 0 0
1 432 0 0 0 0
1 433 0 0 0 0
1 434 0 0 0 0
1 435 0 0 0 0
1 436 0 0 0 0
1 437 0 0 0 0
1 438 0 0 0 0
1 439 0 0 0 0
1 440 0 0 0 0
1 441 0 0 0 0
1 442 368 368 368 0
1 443 48 48 48 0
1 444 0 0 0 0
1 445 0 0 0 0
1 446 0 0 0 0
1 447 0 0 0 0
1 448 0 0 0 0
1 449 0 0 0 0
1 450 0 0 0 0
1 451 0 0 0 0
1 452 0 0 0 0
1 453 0 0 0 0
1 454 0 0 0 0
1 455 0 0 0 0
1 456 0 0 0 0
1 457 0 0 0 0
1 458 320 320 320 0
1 459 256 256 256 0
1 460 0 0 0 0
1 461 0 0 0 0
1 462 0 0 0 0
1 463 0 0 0 0
1 464 0 0 0 0
1 465 0 0 0 0
1 466 0 0 0 0
1 467 0 0 0 0
1 468 0 0 0 0
1 469 0 0 0 0
1 470 0 0 0 0
1 471 0 0 0 0
1 472 0 0 0 0
1 473 0 0 0 0
1 474 208 208 208 0
1 475 -64 -64 -64 0
1 476 0 0 0 0
1 477 0 0 0 0
1 478 0 0 0 0
1 479 0 0 0 0
1 480 0 0 0 0
1 481 0 0 0 0
1 482 0 0 0 0
1 483 0 0 0 0
1 484 0 0 0 0
1 485 0 0 0 0
1 486 0 0 0 0
1 487 0 0 0 0
1 488 0 0 0 0
1 489 0 0 0 0
1 490 304 304 304 0
1 491 160 160 160 0
1 492 0 0 0 0
1 493 0 0 0 0
1 494 0 0 0 0
1 495 0 0 0 0
1 496 0 0 0 0
1 497 0 0 0 0
1 498 0 0 0 0
1 499 0 0 0 0
1 500 0 0 0 0
1 501 0 0 0 0
1 502 0 0 0 0
1 503 0 0 0 0
1 504 0 0 0 0
1 505 0 0 0 0
1 506 432 432 432 0
1 507 32 32 32 0
1 508 0 0 0 0
1 509 0 0 0 0
1 510 0 0 0 0
1 511 0 0 0 0
2 0 -144 -144 -144 0
2 1 0 0 0 0
2 2 0 0 0 0
2 3 -272 -272 -272 0
2 4 0 0 0 0
2 5 80 80 80 0
2 6 0 0 0 0
2 7 -32 -32 -32 0
2 8 0 0 0 0
2 9 192 192 192 0
2 10 64 64 64 0
2 11 0 0 0 0
2 12 0 0 0 0
2 13 0 0 0 0
2 14 0 0 0 0
2 15 656 656 656 0
2 16 -208 -208 -208 0
2 17 0 0 0 0
2 18 0 0 0 0
2 19 112 112 112 0
2 20 0 0 0 0
2 21 -16 -16 -16 0
2 22 0 0 0 0
2 23 112 112 112 0
2 24 0 0 0 0
2 25 32 32 32 0
2 26 80 80 80 0
2 27 0 0 0 0
2 28 0 0 0 0
2 29 0 0 0 0
2 30 0 0 0 0
2 31 432 432 432 0
2 32 -64 -64 -64 0
2 33 0 0 0 0
2 34 0 0 0 0
2 35 96 96 96 0
2 36 0 0 0 0
2 37 -64 -64 -64 0
2 38 0 0 0 0
2 39 -64 -64 -64 0
2 40 0 0 0 0
2 41 80 80 80 0
2 42 -464 -464 -464 0
2 43 0 0 0 0
2 44 0 0 0 0
2 45 0 0 0 0
2 46 0 0 0 0
2 47 -272 -272 -272 0
2 48 240 240 240 0
2 49 0 0 0 0
2 50 0 0 0 0
2 51 224 224 224 0
2 52 0 0 0 0
2 53 -48 -48 -48 0
2 54 0 0 0 0
2 55 192 192 192 0
2 56 0 0 0 0
2 57 112 112 112 0
2 58 208 208 208 0
2 59 0 0 0 0
2 60 0 0 0 0
2 61 0 0 0 0
2 62 0 0 0 0
2 63 32 32 32 0
2 64 -144 -144 -144 0
2 65 0 0 0 0
2 66 0 0 0 0
2 67 -160 -160 -160 0
2 68 0 0 0 0
2 69 -240 -240 -240 0
2 70 0 0 0 0
2 71 -48 -48 -48 0
2 72 0 0 0 0
2 73 -144 -144 -144 0
2 74 304 304 304 0
2 75 0 0 0 0
2 76 0 0 0 0
2 77 0 0 0 0
2 78 0 0 0 0
2 79 0 0 0 0
2 80 -224 -224 -224 0
2 81 0 0 0 0
2 82 0 0 0 0
2 83 240 240 240 0
2 84 0 0 0 0
2 85 0 0 0 0
2 86 0 0 0 0
2 87 -176 -176 -176 0
2 88 0 0 0 0
2 89 0 0 0 0
2 90 224 224 224 0
2 91 0 0 0 0
2 92 0 0 0 0
2 93 0 0 0 0
2 94 0 0 0 0
2 95 592 592 592 0
2 96 224 224 224 0
2 97 0 0 0 0
2 98 0 0 0 0
2 99 176 176 176 0
2 100 0 0 0 0
2 101 -80 -80 -80 0
2 102 0 0 0 0
2 103 -80 -80 -80 0
2 104 0 0 0 0
2 105 -144 -144 -144 0
2 106 288 288 288 0
2 107 0 0 0 0
2 108 0 0 0 0
2 109 0 0 0 0
2 110 0 0 0 0
2 111 -608 -608 -608 0
2 112 144 144 144 0
2 113 0 0 0 0
2 114 0 0 0 0
2 115 112 112 112 0
2 116 0 0 0 0
2 117 0 0 0 0
2 118 0 0 0 0
2 119 80 80 80 0
2 120 0 0 0 0
2 121 -240 -240 -240 0
2 122 736 736 736 0
2 123 0 0 0 0
2 124 0 0 0 0
2 125 0 0 0 0
2 126 0 0 0 0
2 127 -80 -80 -80 0
2 128 -128 -128 -128 0
2 129 0 0 0 0
2 130 0 0 0 0
2 131 144 144 144 0
2 132 0 0 0 0
2 133 -208 -208 -208 0
2 134 0 0 0 0
2 135 -160 -160 -160 0
2 136 0 0 0 0
2 137 -176 -176 -176 0
2 138 480 480 480 0
2 139 0 0 0 0
2 140 0 0 0 0
2 141 0 0 0 0
2 142 0 0 0 0
2 143 192 192 192 0
2 144 224 224 224 0
2 145 0 0 0 0
2 146 0 0 0 0
2 147 80 80 80 0
2 148 0 0 0 0
2 149 112 112 112 0
2 150 0 0 0 0
2 151 208 208 208 0
2 152 0 0 0 0
2 153 -192 -192 -192 0
2 154 736 736 736 0
2 155 0 0 0 0
2 156 0 0 0 0
2 157 0 0 0 0
2 158 0 0 0 0
2 159 -96 -96 -96 0
2 160 160 160 160 0
2 161 0 0 0 0
2 162 0 0 0 0
2 163 -32 -32 -32 0
2 164 0 0 0 0
2 165 240 240 240 0
2 166 0 0 0 0
2 167 176 176 176 0
2 168 0 0 0 0
2 169 -80 -80 -80 0
2 170 432 432 432 0
2 171 0 0 0 0
2 172 0 0 0 0
2 173 0 0 0 0
2 174 0 0 0 0
2 175 -192 -192 -192 0
2 176 32 32 32 0
2 177 0 0 0 0
2 178 0 0 0 0
2 179 -112 -112 -112 0
2 180 0 0 0 0
2 181 240 240 240 0
2 182 0 0 0 0
2 183 -208 -208 -208 0
2 184 0 0 0 0
2 185 -176 -176 -176 0
2 186 -144 -144 -144 0
2 187 0 0 0 0
2 188 0 0 0 0
2 189 0 0 0 0
2 190 0 0 0 0
2 191 240 240 240 0
2 192 192 192 192 0
2 193 0 0 0 0
2 194 0 0 0 0
2 195 0 0 0 0
2 196 0 0 0 0
2 197 -176 -176 -176 0
2 198 0 0 0 0
2 199 144 144 144 0
2 200 0 0 0 0
2 201 176 176 176 0
2 202 576 576 576 0
2 203 0 0 0 0
2 204 0 0 0 0
2 205 0 0 0 0
2 206 0 0 0 0
2 207 144 144 144 0
2 208 288 288 288 0
2 209 0 0 0 0
2 210 0 0 0 0
2 211 128 128 128 0
2 212 0 0 0 0
2 213 64 64 64 0
2 214 0 0 0 0
2 215 96 96 96 0
2 216 0 0 0 0
2 217 144 144 144 0
2 218 -144 -144 -144 0
2 219 0 0 0 0
2 220 0 0 0 0
2 221 0 0 0 0
2 222 0 0 0 0
2 223 -272 -272 -272 0
2 224 -128 -128 -128 0
2 225 0 0 0 0
2 226 0 0 0 0
2 227 -48 -48 -48 0
2 228 0 0 0 0
2 229 -192 -192 -192 0
2 230 0 0 0 0
2 231 48 48 48 0
2 232 0 0 0 0
2 233 -192 -192 -192 0
2 234 -304 -304 -304 0
2 235 0 0 0 0
2 236 0 0 0 0
2 237 0 0 0 0
2 238 0 0 0 0
2 239 400 400 400 0
2 240 288 288 288 0
2 241 0 0 0 0
2 242 0 0 0 0
2 243 -192 -192 -192 0
2 244 0 0 0 0
2 245 -80 -80 -80 0
2 246 0 0 0 0
2 247 -16 -16 -16 0
2 248 0 0 0 0
2 249 -80 -80 -80 0
2 250 560 560 560 0
2 251 0 0 0 0
2 252 0 0 0 0
2 253 0 0 0 0
2 254 0 0 0 0
2 255 480 480 480 0
2 256 -176 -176 -176 0
2 257 0 0 0 0
2 258 0 0 0 0
2 259 -192 -192 -192 0
2 260 0 0 0 0
2 261 48 48 48 0
2 262 0 0 0 0
2 263 -128 -128 -128 0
2 264 0 0 0 0
2 265 32 32 32 0
2 266 -304 -304 -304 0
2 267 0 0 0 0
2 268 0 0 0 0
2 269 0 0 0 0
2 270 0 0 0 0
2 271 128 128 128 0
2 272 64 64 64 0
2 273 0 0 0 0
2 274 0 0 0 0
2 275 192 192 192 0
2 276 0 0 0 0
2 277 -160 -160 -160 0
2 278 0 0 0 0
2 279 144 144 144 0
2 280 0 0 0 0
2 281 -240 -240 -240 0
2 282 112 112 112 0
2 283 0 0 0 0
2 284 0 0 0 0
2 285 0 0 0 0
2 286 0 0 0 0
2 287 -48 -48 -48 0
2 288 -32 -32 -32 0
2 289 0 0 0 0
2 290 0 0 0 0
2 291 48 48 48 0
2 292 0 0 0 0
2 293 0 0 0 0
2 294 0 0 0 0
2 295 -176 -176 -176 0
2 296 0 0 0 0
2 297 176 176 176 0
2 298 -144 -144 -144 0
2 299 0 0 0 0
2 300 0 0 0 0
2 301 0 0 0 0
2 302 0 0 0 0
2 303 192 192 192 0
2 304 -128 -128 -128 0
2 305 0 0 0 0
2 306 0 0 0 0
2 307 -32 -32 -32 0
2 308 0 0 0 0
2 309 80 80 80 0
2 310 0 0 0 0
2 311 -144 -144 -144 0
2 312 0 0 0 0
2 313 224 224 224 0
2 314 336 336 336 0
2 315 0 0 0 0
2 316 0 0 0 0
2 317 0 0 0 0
2 318 0 0 0 0
2 319 400 400 400 0
2 320 160 160 160 0
2 321 0 0 0 0
2 322 0 0 0 0
2 323 -96 -96 -96 0
2 324 0 0 0 0
2 325 144 144 144 0
2 326 0 0 0 0
2 327 -176 -176 -176 0
2 328 0 0 0 0
2 329 48 48 48 0
2 330 -32 -32 -32 0
2 331 0 0 0 0
2 332 0 0 0 0
2 333 0 0 0 0
2 334 0 0 0 0
2 335 -112 -112 -112 0
2 336 128 128 128 0
2 337 0 0 0 0
2 338 0 0 0 0
2 339 -96 -96 -96 0
2 340 0 0 0 0
2 341 0 0 0 0
2 342 0 0 0 0
2 343 144 144 144 0
2 344 0 0 0 0
2 345 16 16 16 0
2 346 -816 -816 -816 0
2 347 0 0 0 0
2 348 0 0 0 0
2 349 0 0 0 0
2 350 0 0 0 0
2 351 416 416 416 0
2 352 -240 -240 -240 0
2 353 0 0 0 0
2 354 0 0 0 0
2 355 -64 -64 -64 0
2 356 0 0 0 0
2 357 -64 -64 -64 0
2 358 0 0 0 0
2 359 -128 -128 -128 0
2 360 0 0 0 0
2 361 -64 -64 -64 0
2 362 608 608 608 0
2 363 0 0 0 0
2 364 0 0 0 0
2 365 0 0 0 0
2 366 0 0 0 0
2 367 528 528 528 0
2 368 -32 -32 -32 0
2 369 0 0 0 0
2 370 0 0 0 0
2 371 -208 -208 -208 0
2 372 0 0 0 0
2 373 160 160 160 0
2 374 0 0 0 0
2 375 -96 -96 -96 0
2 376 0 0 0 0
2 377 224 224 224 0
2 378 -192 -192 -192 0
2 379 0 0 0 0
2 380 0 0 0 0
2 381 0 0 0 0
2 382 0 0 0 0
2 383 -464 -464 -464 0
2 384 32 32 32 0
2 385 0 0 0 0
2 386 0 0 0 0
2 387 -96 -96 -96 0
2 388 0 0 0 0
2 389 -240 -240 -240 0
2 390 0 0 0 0
2 391 16 16 16 0
2 392 0 0 0 0
2 393 192 192 192 0
2 394 272 272 272 0
2 395 0 0 0 0
2 396 0 0 0 0
2 397 0 0 0 0
2 398 0 0 0 0
2 399 112 112 112 0
2 400 -176 -176 -176 0
2 401 0 0 0 0
2 402 0 0 0 0
2 403 96 96 96 0
2 404 0 0 0 0
2 405 48 48 48 0
2 406 0 0 0 0
2 407 288 288 288 0
2 408 0 0 0 0
2 409 112 112 112 0
2 410 480 480 480 0
2 411 0 0 0 0
2 412 0 0 0 0
2 413 0 0 0 0
2 414 0 0 0 0
2 415 128 128 128 0
2 416 -16 -16 -16 0
2 417 0 0 0 0
2 418 0 0 0 0
2 419 80 80 80 0
2 420 0 0 0 0
2 421 -80 -80 -80 0
2 422 0 0 0 0
2 423 -96 -96 -96 0
2 424 0 0 0 0
2 425 0 0 0 0
2 426 272 272 272 0
2 427 0 0 0 0
2 428 0 0 0 0
2 429 0 0 0 0
2 430 0 0 0 0
2 431 448 448 448 0
2 432 -80 -80 -80 0
2 433 0 0 0 0
2 434 0 0 0 0
2 435 224 224 224 0
2 436 0 0 0 0
2 437 224 224 224 0
2 438 0 0 0 0
2 439 0 0 0 0
2 440 0 0 0 0
2 441 192 192 192 0
2 442 320 320 320 0
2 443 0 0 0 0
2 444 0 0 0 0
2 445 0 0 0 0
2 446 0 0 0 0
2 447 736 736 736 0
2 448 -64 -64 -64 0
2 449 0 0 0 0
2 450 0 0 0 0
2 451 240 240 240 0
2 452 0 0 0 0
2 453 48 48 48 0
2 454 0 0 0 0
2 455 -176 -176 -176 0
2 456 0 0 0 0
2 457 192 192 192 0
2 458 528 528 528 0
2 459 0 0 0 0
2 460 0 0 0 0
2 461 0 0 0 0
2 462 0 0 0 0
2 463 656 656 656 0
2 464 -64 -64 -64 0
2 465 0 0 0 0
2 466 0 0 0 0
2 467 144 144 144 0
2 468 0 0 0 0
2 469 128 128 128 0
2 470 0 0 0 0
2 471 64 64 64 0
2 472 0 0 0 0
2 473 -208 -208 -208 0
2 474 320 320 320 0
2 475 0 0 0 0
2 476 0 0 0 0
2 477 0 0 0 0
2 478 0 0 0 0
2 479 -208 -208 -208 0
2 480 -240 -240 -240 0
2 481 0 0 0 0
2 482 0 0 0 0
2 483 -128 -128 -128 0
2 484 0 0 0 0
2 485 -16 -16 -16 0
2 486 0 0 0 0
2 487 224 224 224 0
2 488 0 0 0 0
2 489 192 192 192 0
2 490 448 448 448 0
2 491 0 0 0 0
2 492 0 0 0 0
2 493 0 0 0 0
2 494 0 0 0 0
2 495 32 32 32 0
2 496 -48 -48 -48 0
2 497 0 0 0 0
2 498 0 0 0 0
2 499 48 48 48 0
2 500 0 0 0 0
2 501 192 192 192 0
2 502 0 0 0 0
2 503 -256 -256 -256 0
2 504 0 0 0 0
2 505 -96 -96 -96 0
2 506 256 256 256 0
2 507 0 0 0 0
2 508 0 0 0 0
2 509 0 0 0 0
2 510 0 0 0 0
2 511 -336 -336 -336 0
3 0 0 0 0 0
3 1 0 0 0 0
3 2 528 528 528 0
3 3 0 0 0 0
3 4 0 0 0 0
3 5 0 0 0 0
3 6 640 640 640 0
3 7 -368 -368 -368 0
3 8 0 0 0 0
3 9 0 0 0 0
3 10 0 0 0 0
3 11 0 0 0 0
3 12 0 0 0 0
3 13 0 0 0 0
3 14 0 0 0 0
3 15 0 0 0 0
3 16 0 0 0 0
3 17 0 0 0 0
3 18 944 944 944 0
3 19 0 0 0 0
3 20 0 0 0 0
3 21 0 0 0 0
3 22 -1456 -1456 -1456 0
3 23 -384 -384 -384 0
3 24 0 0 0 0
3 25 0 0 0 0
3 26 0 0 0 0
3 27 0 0 0 0
3 28 0 0 0 0
3 29 0 0 0 0
3 30 0 0 0 0
3 31 0 0 0 0
3 32 0 0 0 0
3 33 0 0 0 0
3 34 -368 -368 -368 0
3 35 0 0 0 0
3 36 0 0 0 0
3 37 0 0 0 0
3 38 656 656 656 0
3 39 176 176 176 0
3 40 0 0 0 0
3 41 0 0 0 0
3 42 0 0 0 0
3 43 0 0 0 0
3 44 0 0 0 0
3 45 0 0 0 0
3 46 0 0 0 0
3 47 0 0 0 0
3 48 0 0 0 0
3 49 0 0 0 0
3 50 -416 -416 -416 0
3 51 0 0 0 0
3 52 0 0 0 0
3 53 0 0 0 0
3 54 3456 3456 1741 1
3 55 464 464 464 0
3 56 0 0 0 0
3 57 0 0 0 0
3 58 0 0 0 0
3 59 0 0 0 0
3 60 0 0 0 0
3 61 0 0 0 0
3 62 0 0 0 0
3 63 0 0 0 0
3 64 0 0 0 0
3 65 0 0 0 0
3 66 96 96 96 0
3 67 0 0 0 0
3 68 0 0 0 0
3 69 0 0 0 0
3 70 1056 1056 1056 0
3 71 416 416 416 0
3 72 0 0 0 0
3 73 0 0 0 0
3 74 0 0 0 0
3 75 0 0 0 0
3 76 0 0 0 0
3 77 0 0 0 0
3 78 0 0 0 0
3 79 0 0 0 0
3 80 0 0 0 0
3 81 0 0 0 0
3 82 160 160 160 0
3 83 0 0 0 0
3 84 0 0 0 0
3 85 0 0 0 0
3 86 832 832 832 0
3 87 -528 -528 -528 0
3 88 0 0 0 0
3 89 0 0 0 0
3 90 0 0 0 0
3 91 0 0 0 0
3 92 0 0 0 0
3 93 0 0 0 0
3 94 0 0 0 0
3 95 0 0 0 0
3 96 0 0 0 0
3 97 0 0 0 0
3 98 -800 -800 -800 0
3 99 0 0 0 0
3 100 0 0 0 0
3 101 0 0 0 0
3 102 1200 1200 1200 0
3 103 -32 -32 -32 0
3 104 0 0 0 0
3 105 0 0 0 0
3 106 0 0 0 0
3 107 0 0 0 0
3 108 0 0 0 0
3 109 0 0 0 0
3 110 0 0 0 0
3 111 0 0 0 0
3 112 0 0 0 0
3 113 0 0 0 0
3 114 816 816 816 0
3 115 0 0 0 0
3 116 0 0 0 0
3 117 0 0 0 0
3 118 2224 2224 509 1
3 119 -80 -80 -80 0
3 120 0 0 0 0
3 121 0 0 0 0
3 122 0 0 0 0
3 123 0 0 0 0
3 124 0 0 0 0
3 125 0 0 0 0
3 126 0 0 0 0
3 127 0 0 0 0
3 128 0 0 0 0
3 129 0 0 0 0
3 130 48 48 48 0
3 131 0 0 0 0
3 132 0 0 0 0
3 133 0 0 0 0
3 134 -16 -16 -16 0
3 135 -336 -336 -336 0
3 136 0 0 0 0
3 137 0 0 0 0
3 138 0 0 0 0
3 139 0 0 0 0
3 140 0 0 0 0
3 141 0 0 0 0
3 142 0 0 0 0
3 143 0 0 0 0
3 144 0 0 0 0
3 145 0 0 0 0
3 146 496 496 496 0
3 147 0 0 0 0
3 148 0 0 0 0
3 149 0 0 0 0
3 150 528 528 528 0
3 151 240 240 240 0
3 152 0 0 0 0
3 153 0 0 0 0
3 154 0 0 0 0
3 155 0 0 0 0
3 156 0 0 0 0
3 157 0 0 0 0
3 158 0 0 0 0
3 159 0 0 0 0
3 160 0 0 0 0
3 161 0 0 0 0
3 162 -880 -880 -880 0
3 163 0 0 0 0
3 164 0 0 0 0
3 165 0 0 0 0
3 166 -288 -288 -288 0
3 167 400 400 400 0
3 168 0 0 0 0
3 169 0 0 0 0
3 170 0 0 0 0
3 171 0 0 0 0
3 172 0 0 0 0
3 173 0 0 0 0
3 174 0 0 0 0
3 175 0 0 0 0
3 176 0 0 0 0
3 177 0 0 0 0
3 178 -400 -400 -400 0
3 179 0 0 0 0
3 180 0 0 0 0
3 181 0 0 0 0
3 182 528 528 528 0
3 183 384 384 384 0
3 184 0 0 0 0
3 185 0 0 0 0
3 186 0 0 0 0
3 187 0 0 0 0
3 188 0 0 0 0
3 189 0 0 0 0
3 190 0 0 0 0
3 191 0 0 0 0
3 192 0 0 0 0
3 193 0 0 0 0
3 194 -256 -256 -256 0
3 195 0 0 0 0
3 196 0 0 0 0
3 197 0 0 0 0
3 198 1392 1392 1392 0
3 199 -160 -160 -160 0
3 200 0 0 0 0
3 201 0 0 0 0
3 202 0 0 0 0
3 203 0 0 0 0
3 204 0 0 0 0
3 205 0 0 0 0
3 206 0 0 0 0
3 207 0 0 0 0
3 208 0 0 0 0
3 209 0 0 0 0
3 210 1120 1120 1120 0
3 211 0 0 0 0
3 212 0 0 0 0
3 213 0 0 0 0
3 214 832 832 832 0
3 215 288 288 288 0
3 216 0 0 0 0
3 217 0 0 0 0
3 218 0 0 0 0
3 219 0 0 0 0
3 220 0 0 0 0
3 221 0 0 0 0
3 222 0 0 0 0
3 223 0 0 0 0
3 224 0 0 0 0
3 225 0 0 0 0
3 226 -736 -736 -736 0
3 227 0 0 0 0
3 228 0 0 0 0
3 229 0 0 0 0
3 230 704 704 704 0
3 231 320 320 320 0
3 232 0 0 0 0
3 233 0 0 0 0
3 234 0 0 0 0
3 235 0 0 0 0
3 236 0 0 0 0
3 237 0 0 0 0
3 238 0 0 0 0
3 239 0 0 0 0
3 240 0 0 0 0
3 241 0 0 0 0
3 242 272 272 272 0
3 243 0 0 0 0
3 244 0 0 0 0
3 245 0 0 0 0
3 246 1104 1104 1104 0
3 247 -336 -336 -336 0
3 248 0 0 0 0
3 249 0 0 0 0
3 250 0 0 0 0
3 251 0 0 0 0
3 252 0 0 0 0
3 253 0 0 0 0
3 254 0 0 0 0
3 255 0 0 0 0
3 256 0 0 0 0
3 257 0 0 0 0
3 258 944 944 944 0
3 259 0 0 0 0
3 260 0 0 0 0
3 261 0 0 0 0
3 262 -336 -336 -336 0
3 263 160 160 160 0
3 264 0 0 0 0
3 265 0 0 0 0
3 266 0 0 0 0
3 267 0 0 0 0
3 268 0 0 0 0
3 269 0 0 0 0
3 270 0 0 0 0
3 271 0 0 0 0
3 272 0 0 0 0
3 273 0 0 0 0
3 274 -432 -432 -432 0
3 275 0 0 0 0
3 276 0 0 0 0
3 277 0 0 0 0
3 278 1008 1008 1008 0
3 279 528 528 528 0
3 280 0 0 0 0
3 281 0 0 0 0
3 282 0 0 0 0
3 283 0 0 0 0
3 284 0 0 0 0
3 285 0 0 0 0
3 286 0 0 0 0
3 287 0 0 0 0
3 288 0 0 0 0
3 289 0 0 0 0
3 290 224 224 224 0
3 291 0 0 0 0
3 292 0 0 0 0
3 293 0 0 0 0
3 294 -48 -48 -48 0
3 295 48 48 48 0
3 296 0 0 0 0
3 297 0 0 0 0
3 298 0 0 0 0
3 299 0 0 0 0
3 300 0 0 0 0
3 301 0 0 0 0
3 302 0 0 0 0
3 303 0 0 0 0
3 304 0 0 0 0
3 305 0 0 0 0
3 306 1344 1344 1344 0
3 307 0 0 0 0
3 308 0 0 0 0
3 309 0 0 0 0
3 310 1888 1888 173 1
3 311 80 80 80 0
3 312 0 0 0 0
3 313 0 0 0 0
3 314 0 0 0 0
3 315 0 0 0 0
3 316 0 0 0 0
3 317 0 0 0 0
3 318 0 0 0 0
3 319 0 0 0 0
3 320 0 0 0 0
3 321 0 0 0 0
3 322 816 816 816 0
3 323 0 0 0 0
3 324 0 0 0 0
3 325 0 0 0 0
3 326 -80 -80 -80 0
3 327 96 96 96 0
3 328 0 0 0 0
3 329 0 0 0 0
3 330 0 0 0 0
3 331 0 0 0 0
3 332 0 0 0 0
3 333 0 0 0 0
3 334 0 0 0 0
3 335 0 0 0 0
3 336 0 0 0 0
3 337 0 0 0 0
3 338 -96 -96 -96 0
3 339 0 0 0 0
3 340 0 0 0 0
3 341 0 0 0 0
3 342 2288 2288 573 1
3 343 880 880 880 0
3 344 0 0 0 0
3 345 0 0 0 0
3 346 0 0 0 0
3 347 0 0 0 0
3 348 0 0 0 0
3 349 0 0 0 0
3 350 0 0 0 0
3 351 0 0 0 0
3 352 0 0 0 0
3 353 0 0 0 0
3 354 272 272 272 0
3 355 0 0 0 0
3 356 0 0 0 0
3 357 0 0 0 0
3 358 -256 -256 -256 0
3 359 -512 -512 -512 0
3 360 0 0 0 0
3 361 0 0 0 0
3 362 0 0 0 0
3 363 0 0 0 0
3 364 0 0 0 0
3 365 0 0 0 0
3 366 0 0 0 0
3 367 0 0 0 0
3 368 0 0 0 0
3 369 0 0 0 0
3 370 1952 1952 237 1
3 371 0 0 0 0
3 372 0 0 0 0
3 373 0 0 0 0
3 374 1152 1152 1152 0
3 375 736 736 736 0
3 376 0 0 0 0
3 377 0 0 0 0
3 378 0 0 0 0
3 379 0 0 0 0
3 380 0 0 0 0
3 381 0 0 0 0
3 382 0 0 0 0
3 383 0 0 0 0
3 384 0 0 0 0
3 385 0 0 0 0
3 386 864 864 864 0
3 387 0 0 0 0
3 388 0 0 0 0
3 389 0 0 0 0
3 390 1264 1264 1264 0
3 391 -704 -704 -704 0
3 392 0 0 0 0
3 393 0 0 0 0
3 394 0 0 0 0
3 395 0 0 0 0
3 396 0 0 0 0
3 397 0 0 0 0
3 398 0 0 0 0
3 399 0 0 0 0
3 400 0 0 0 0
3 401 0 0 0 0
3 402 224 224 224 0
3 403 0 0 0 0
3 404 0 0 0 0
3 405 0 0 0 0
3 406 1712 1712 1712 0
3 407 256 256 256 0
3 408 0 0 0 0
3 409 0 0 0 0
3 410 0 0 0 0
3 411 0 0 0 0
3 412 0 0 0 0
3 413 0 0 0 0
3 414 0 0 0 0
3 415 0 0 0 0
3 416 0 0 0 0
3 417 0 0 0 0
3 418 400 400 400 0
3 419 0 0 0 0
3 420 0 0 0 0
3 421 0 0 0 0
3 422 -672 -672 -672 0
3 423 -144 -144 -144 0
3 424 0 0 0 0
3 425 0 0 0 0
3 426 0 0 0 0
3 427 0 0 0 0
3 428 0 0 0 0
3 429 0 0 0 0
3 430 0 0 0 0
3 431 0 0 0 0
3 432 0 0 0 0
3 433 0 0 0 0
3 434 768 768 768 0
3 435 0 0 0 0
3 436 0 0 0 0
3 437 0 0 0 0
3 438 1520 1520 1520 0
3 439 -352 -352 -352 0
3 440 0 0 0 0
3 441 0 0 0 0
3 442 0 0 0 0
3 443 0 0 0 0
3 444 0 0 0 0
3 445 0 0 0 0
3 446 0 0 0 0
3 447 0 0 0 0
3 448 0 0 0 0
3 449 0 0 0 0
3 450 -960 -960 -960 0
3 451 0 0 0 0
3 452 0 0 0 0
3 453 0 0 0 0
3 454 1920 1920 205 1
3 455 -96 -96 -96 0
3 456 0 0 0 0
3 457 0 0 0 0
3 458 0 0 0 0
3 459 0 0 0 0
3 460 0 0 0 0
3 461 0 0 0 0
3 462 0 0 0 0
3 463 0 0 0 0
3 464 0 0 0 0
3 465 0 0 0 0
3 466 64 64 64 0
3 467 0 0 0 0
3 468 0 0 0 0
3 469 0 0 0 0
3 470 1040 1040 1040 0
3 471 176 176 176 0
3 472 0 0 0 0
3 473 0 0 0 0
3 474 0 0 0 0
3 475 0 0 0 0
3 476 0 0 0 0
3 477 0 0 0 0
3 478 0 0 0 0
3 479 0 0 0 0
3 480 0 0 0 0
3 481 0 0 0 0
3 482 896 896 896 0
3 483 0 0 0 0
3 484 0 0 0 0
3 485 0 0 0 0
3 486 464 464 464 0
3 487 -48 -48 -48 0
3 488 0 0 0 0
3 489 0 0 0 0
3 490 0 0 0 0
3 491 0 0 0 0
3 492 0 0 0 0
3 493 0 0 0 0
3 494 0 0 0 0
3 495 0 0 0 0
3 496 0 0 0 0
3 497 0 0 0 0
3 498 -448 -448 -448 0
3 499 0 0 0 0
3 500 0 0 0 0
3 501 0 0 0 0
3 502 624 624 624 0
3 503 208 208 208 0
3 504 0 0 0 0
3 505 0 0 0 0
3 506 0 0 0 0
3 507 0 0 0 0
3 508 0 0 0 0
3 509 0 0 0 0
3 510 0 0 0 0
3 511 0 0 0 0
4 0 0 0 0 0
4 1 224 224 224 0
4 2 -336 192 192 0
4 3 0 0 0 0
4 4 0 0 0 0
4 5 2400 2400 685 1
4 6 -1040 -400 -400 0
4 7 -1536 -1904 -1904 0
4 8 0 0 0 0
4 9 1184 1184 1184 0
4 10 848 848 848 0
4 11 560 560 560 0
4 12 0 0 0 0
4 13 320 320 320 0
4 14 -528 -528 -528 0
4 15 0 0 0 0
4 16 0 0 0 0
4 17 560 560 560 0
4 18 1264 2208 493 1
4 19 0 0 0 0
4 20 0 0 0 0
4 21 -544 -544 -544 0
4 22 432 -1024 -1024 0
4 23 368 -16 -16 0
4 24 0 0 0 0
4 25 3008 3008 1293 1
4 26 3424 3424 1709 1
4 27 656 656 656 0
4 28 0 0 0 0
4 29 -1184 -1184 -1184 0
4 30 -144 -144 -144 0
4 31 0 0 0 0
4 32 0 0 0 0
4 33 656 656 656 0
4 34 -208 -576 -576 0
4 35 0 0 0 0
4 36 0 0 0 0
4 37 2480 2480 765 1
4 38 3120 3776 2061 1
4 39 144 320 320 0
4 40 0 0 0 0
4 41 -1808 -1808 -1808 0
4 42 1072 1072 1072 0
4 43 -864 -864 -864 0
4 44 0 0 0 0
4 45 624 624 624 0
4 46 -672 -672 -672 0
4 47 0 0 0 0
4 48 0 0 0 0
4 49 816 816 816 0
4 50 -544 -960 -960 0
4 51 0 0 0 0
4 52 0 0 0 0
4 53 864 864 864 0
4 54 2560 4301 2586 1
4 55 -1376 -912 -912 0
4 56 0 0 0 0
4 57 -1008 -1008 -1008 0
4 58 5872 5872 4157 1
4 59 -688 -688 -688 0
4 60 0 0 0 0
4 61 1408 1408 1408 0
4 62 1024 1024 1024 0
4 63 0 0 0 0
4 64 0 0 0 0
4 65 -704 -704 -704 0
4 66 560 656 656 0
4 67 0 0 0 0
4 68 0 0 0 0
4 69 3312 3312 1597 1
4 70 -352 704 704 0
4 71 -128 288 288 0
4 72 0 0 0 0
4 73 3648 3648 1933 1
4 74 0 0 0 0
4 75 1168 1168 1168 0
4 76 0 0 0 0
4 77 2016 2016 301 1
4 78 1840 1840 125 1
4 79 0 0 0 0
4 80 0 0 0 0
4 81 -448 -448 -448 0
4 82 -1296 -1136 -1136 0
4 83 0 0 0 0
4 84 0 0 0 0
4 85 -1600 -1600 -1600 0
4 86 -256 576 576 0
4 87 592 64 64 0
4 88 0 0 0 0
4 89 192 192 192 0
4 90 3984 3984 2269 1
4 91 -736 -736 -736 0
4 92 0 0 0 0
4 93 1840 1840 125 1
4 94 1008 1008 1008 0
4 95 0 0 0 0
4 96 0 0 0 0
4 97 256 256 256 0
4 98 544 -256 -256 0
4 99 0 0 0 0
4 100 0 0 0 0
4 101 2224 2224 509 1
4 102 -1856 -656 -656 0
4 103 1504 1472 1472 0
4 104 0 0 0 0
4 105 2112 2112 397 1
4 106 848 848 848 0
4 107 -32 -32 -32 0
4 108 0 0 0 0
4 109 832 832 832 0
4 110 912 912 912 0
4 111 0 0 0 0
4 112 0 0 0 0
4 113 -224 -224 -224 0
4 114 1232 2048 333 1
4 115 0 0 0 0
4 116 0 0 0 0
4 117 2192 2192 477 1
4 118 528 1037 1037 0
4 119 1312 1232 1232 0
4 120 0 0 0 0
4 121 2752 2752 1037 1
4 122 -1600 -1600 -1600 0
4 123 752 752 752 0
4 124 0 0 0 0
4 125 1424 1424 1424 0
4 126 1456 1456 1456 0
4 127 0 0 0 0
4 128 0 0 0 0
4 129 288 288 288 0
4 130 -1248 -1200 -1200 0
4 131 0 0 0 0
4 132 0 0 0 0
4 133 2144 2144 429 1
4 134 848 832 832 0
4 135 448 112 112 0
4 136 0 0 0 0
4 137 1296 1296 1296 0
4 138 2720 2720 1005 1
4 139 640 640 640 0
4 140 0 0 0 0
4 141 448 448 448 0
4 142 2144 2144 429 1
4 143 0 0 0 0
4 144 0 0 0 0
4 145 624 624 624 0
4 146 1328 1824 109 1
4 147 0 0 0 0
4 148 0 0 0 0
4 149 3680 3680 1965 1
4 150 -448 80 80 0
4 151 1232 1472 1472 0
4 152 0 0 0 0
4 153 1344 1344 1344 0
4 154 320 320 320 0
4 155 640 640 640 0
4 156 0 0 0 0
4 157 -1696 -1696 -1696 0
4 158 -64 -64 -64 0
4 159 0 0 0 0
4 160 0 0 0 0
4 161 -320 -320 -320 0
4 162 -464 -1344 -1344 0
4 163 0 0 0 0
4 164 0 0 0 0
4 165 704 704 704 0
4 166 -128 -416 -416 0
4 167 -848 -448 -448 0
4 168 0 0 0 0
4 169 752 752 752 0
4 170 4032 4032 2317 1
4 171 272 272 272 0
4 172 0 0 0 0
4 173 1424 1424 1424 0
4 174 560 560 560 0
4 175 0 0 0 0
4 176 0 0 0 0
4 177 1008 1008 1008 0
4 178 -80 -480 -480 0
4 179 0 0 0 0
4 180 0 0 0 0
4 181 1264 1264 1264 0
4 182 1696 2224 509 1
4 183 256 640 640 0
4 184 0 0 0 0
4 185 -560 -560 -560 0
4 186 2080 2080 365 1
4 187 208 208 208 0
4 188 0 0 0 0
4 189 1136 1136 1136 0
4 190 208 208 208 0
4 191 0 0 0 0
4 192 0 0 0 0
4 193 -384 -384 -384 0
4 194 -368 -624 -624 0
4 195 0 0 0 0
4 196 0 0 0 0
4 197 -592 -592 -592 0
4 198 1248 2640 925 1
4 199 304 144 144 0
4 200 0 0 0 0
4 201 2576 2576 861 1
4 202 656 656 656 0
4 203 400 400 400 0
4 204 0 0 0 0
4 205 16 16 16 0
4 206 1152 1152 1152 0
4 207 0 0 0 0
4 208 0 0 0 0
4 209 832 832 832 0
4 210 720 1840 125 1
4 211 0 0 0 0
4 212 0 0 0 0
4 213 1904 1904 189 1
4 214 3440 4272 2557 1
4 215 -80 208 208 0
4 216 0 0 0 0
4 217 1328 1328 1328 0
4 218 2512 2512 797 1
4 219 -160 -160 -160 0
4 220 0 0 0 0
4 221 2512 2512 797 1
4 222 -928 -928 -928 0
4 223 0 0 0 0
4 224 0 0 0 0
4 225 -1344 -1344 -1344 0
4 226 816 80 80 0
4 227 0 0 0 0
4 228 0 0 0 0
4 229 1136 1136 1136 0
4 230 304 1008 1008 0
4 231 608 928 928 0
4 232 0 0 0 0
4 233 2784 2784 1069 1
4 234 544 544 544 0
4 235 1968 1968 253 1
4 236 0 0 0 0
4 237 -272 -272 -272 0
4 238 -416 -416 -416 0
4 239 0 0 0 0
4 240 0 0 0 0
4 241 32 32 32 0
4 242 -144 128 128 0
4 243 0 0 0 0
4 244 0 0 0 0
4 245 3456 3456 1741 1
4 246 1872 2976 1261 1
4 247 2336 2000 285 1
4 248 0 0 0 0
4 249 752 752 752 0
4 250 -160 -160 -160 0
4 251 -256 -256 -256 0
4 252 0 0 0 0
4 253 1168 1168 1168 0
4 254 144 144 144 0
4 255 0 0 0 0
4 256 0 0 0 0
4 257 -192 -192 -192 0
4 258 464 1408 1408 0
4 259 0 0 0 0
4 260 0 0 0 0
4 261 -384 -384 -384 0
4 262 -176 -512 -512 0
4 263 352 512 512 0
4 264 0 0 0 0
4 265 1232 1232 1232 0
4 266 -800 -800 -800 0
4 267 2208 2208 493 1
4 268 0 0 0 0
4 269 -128 -128 -128 0
4 270 1600 1600 1600 0
4 271 0 0 0 0
4 272 0 0 0 0
4 273 64 64 64 0
4 274 -320 -752 -752 0
4 275 0 0 0 0
4 276 0 0 0 0
4 277 1488 1488 1488 0
4 278 1664 2672 957 1
4 279 -720 -192 -192 0
4 280 0 0 0 0
4 281 -944 -944 -944 0
4 282 -896 -896 -896 0
4 283 -256 -256 -256 0
4 284 0 0 0 0
4 285 1728 1728 13 1
4 286 1248 1248 1248 0
4 287 0 0 0 0
4 288 0 0 0 0
4 289 128 128 128 0
4 290 160 384 384 0
4 291 0 0 0 0
4 292 0 0 0 0
4 293 1264 1264 1264 0
4 294 -656 -704 -704 0
4 295 720 768 768 0
4 296 0 0 0 0
4 297 5968 5968 4253 1
4 298 768 768 768 0
4 299 1136 1136 1136 0
4 300 0 0 0 0
4 301 -1920 -1920 -1920 0
4 302 224 224 224 0
4 303 0 0 0 0
4 304 0 0 0 0
4 305 1024 1024 1024 0
4 306 1088 2432 717 1
4 307 0 0 0 0
4 308 0 0 0 0
4 309 16 16 16 0
4 310 3328 3501 1786 1
4 311 32 112 112 0
4 312 0 0 0 0
4 313 -176 -176 -176 0
4 314 3200 3200 1485 1
4 315 1088 1088 1088 0
4 316 0 0 0 0
4 317 1232 1232 1232 0
4 318 -176 -176 -176 0
4 319 0 0 0 0
4 320 0 0 0 0
4 321 352 352 352 0
4 322 -352 464 464 0
4 323 0 0 0 0
4 324 0 0 0 0
4 325 720 720 720 0
4 326 352 272 272 0
4 327 1552 1648 1648 0
4 328 0 0 0 0
4 329 3360 3360 1645 1
4 330 304 304 304 0
4 331 1600 1600 1600 0
4 332 0 0 0 0
4 333 1456 1456 1456 0
4 334 -368 -368 -368 0
4 335 0 0 0 0
4 336 0 0 0 0
4 337 -64 -64 -64 0
4 338 -192 -288 -288 0
4 339 0 0 0 0
4 340 0 0 0 0
4 341 736 736 736 0
4 342 4544 5117 3402 1
4 343 -960 -80 -80 0
4 344 0 0 0 0
4 345 -64 -64 -64 0
4 346 1904 1904 189 1
4 347 -880 -880 -880 0
4 348 0 0 0 0
4 349 1776 1776 61 1
4 350 -720 -720 -720 0
4 351 0 0 0 0
4 352 0 0 0 0
4 353 112 112 112 0
4 354 768 1040 1040 0
4 355 0 0 0 0
4 356 0 0 0 0
4 357 1232 1232 1232 0
4 358 80 -176 -176 0
4 359 -704 -1216 -1216 0
4 360 0 0 0 0
4 361 1312 1312 1312 0
4 362 624 624 624 0
4 363 944 944 944 0
4 364 0 0 0 0
4 365 752 752 752 0
4 366 1008 1008 1008 0
4 367 0 0 0 0
4 368 0 0 0 0
4 369 1184 1184 1184 0
4 370 1232 1469 1469 0
4 371 0 0 0 0
4 372 0 0 0 0
4 373 -3808 -3808 -3808 0
4 374 1312 2464 749 1
4 375 -1792 -1056 -1056 0
4 376 0 0 0 0
4 377 3344 3344 1629 1
4 378 -480 -480 -480 0
4 379 176 176 176 0
4 380 0 0 0 0
4 381 2080 2080 365 1
4 382 -192 -192 -192 0
4 383 0 0 0 0
4 384 0 0 0 0
4 385 352 352 352 0
4 386 -368 496 496 0
4 387 0 0 0 0
4 388 0 0 0 0
4 389 1392 1392 1392 0
4 390 1616 2880 1165 1
4 391 672 -32 -32 0
4 392 0 0 0 0
4 393 464 464 464 0
4 394 944 944 944 0
4 395 544 544 544 0
4 396 0 0 0 0
4 397 736 736 736 0
4 398 1264 1264 1264 0
4 399 0 0 0 0
4 400 0 0 0 0
4 401 304 304 304 0
4 402 160 384 384 0
4 403 0 0 0 0
4 404 0 0 0 0
4 405 384 384 384 0
4 406 304 2016 301 1
4 407 16 272 272 0
4 408 0 0 0 0
4 409 3024 3024 1309 1
4 410 976 976 976 0
4 411 2272 2272 557 1
4 412 0 0 0 0
4 413 2112 2112 397 1
4 414 1664 1664 1664 0
4 415 0 0 0 0
4 416 0 0 0 0
4 417 464 464 464 0
4 418 768 1168 1168 0
4 419 0 0 0 0
4 420 0 0 0 0
4 421 336 336 336 0
4 422 -448 -1120 -1120 0
4 423 1088 944 944 0
4 424 0 0 0 0
4 425 4224 4224 2509 1
4 426 -960 -960 -960 0
4 427 -304 -304 -304 0
4 428 0 0 0 0
4 429 -1344 -1344 -1344 0
4 430 -1360 -1360 -1360 0
4 431 0 0 0 0
4 432 0 0 0 0
4 433 656 656 656 0
4 434 192 960 960 0
4 435 0 0 0 0
4 436 0 0 0 0
4 437 608 608 608 0
4 438 1648 3168 1453 1
4 439 -32 -384 -384 0
4 440 0 0 0 0
4 441 2800 2800 1085 1
4 442 4576 4576 2861 1
4 443 -128 -128 -128 0
4 444 0 0 0 0
4 445 1488 1488 1488 0
4 446 272 272 272 0
4 447 0 0 0 0
4 448 0 0 0 0
4 449 -320 -320 -320 0
4 450 -1344 -2304 -2304 0
4 451 0 0 0 0
4 452 0 0 0 0
4 453 176 176 176 0
4 454 496 701 701 0
4 455 1056 960 960 0
4 456 0 0 0 0
4 457 -2624 -2624 -2624 0
4 458 3488 3488 1773 1
4 459 512 512 512 0
4 460 0 0 0 0
4 461 2176 2176 461 1
4 462 560 560 560 0
4 463 0 0 0 0
4 464 0 0 0 0
4 465 624 624 624 0
4 466 -1056 -992 -992 0
4 467 0 0 0 0
4 468 0 0 0 0
4 469 4128 4128 2413 1
4 470 4192 5232 3517 1
4 471 1024 1200 1200 0
4 472 0 0 0 0
4 473 -1728 -1728 -1728 0
4 474 2688 2688 973 1
4 475 64 64 64 0
4 476 0 0 0 0
4 477 368 368 368 0
4 478 400 400 400 0
4 479 0 0 0 0
4 480 0 0 0 0
4 481 640 640 640 0
4 482 640 1536 1536 0
4 483 0 0 0 0
4 484 0 0 0 0
4 485 1392 1392 1392 0
4 486 2176 2640 925 1
4 487 3184 3136 1421 1
4 488 0 0 0 0
4 489 -224 -224 -224 0
4 490 3040 3040 1325 1
4 491 464 464 464 0
4 492 0 0 0 0
4 493 -1232 -1232 -1232 0
4 494 448 448 448 0
4 495 0 0 0 0
4 496 0 0 0 0
4 497 208 208 208 0
4 498 -208 -656 -656 0
4 499 0 0 0 0
4 500 0 0 0 0
4 501 656 656 656 0
4 502 2192 2816 1101 1
4 503 688 896 896 0
4 504 0 0 0 0
4 505 448 448 448 0
4 506 2176 2176 461 1
4 507 -480 -480 -480 0
4 508 0 0 0 0
4 509 1264 1264 1264 0
4 510 96 96 96 0
4 511 0 0 0 0
5 0 0 0 0 0
5 1 0 224 224 0
5 2 0 192 192 0
5 3 0 0 0 0
5 4 0 0 0 0
5 5 304 989 989 0
5 6 288 -112 -112 0
5 7 -656 -2560 -2560 0
5 8 224 224 224 0
5 9 -240 944 944 0
5 10 2176 3024 1309 1
5 11 -576 -16 -16 0
5 12 704 704 704 0
5 13 1056 1376 1376 0
5 14 -576 -1104 -1104 0
5 15 208 208 208 0
5 16 0 0 0 0
5 17 0 560 560 0
5 18 0 493 493 0
5 19 0 0 0 0
5 20 0 0 0 0
5 21 -448 -992 -992 0
5 22 -128 -1152 -1152 0
5 23 1200 1184 1184 0
5 24 80 80 80 0
5 25 1056 2349 634 1
5 26 144 1853 138 1
5 27 112 768 768 0
5 28 -752 -752 -752 0
5 29 -304 -1488 -1488 0
5 30 -112 -256 -256 0
5 31 32 32 32 0
5 32 0 0 0 0
5 33 0 656 656 0
5 34 0 -576 -576 0
5 35 0 0 0 0
5 36 0 0 0 0
5 37 448 1213 1213 0
5 38 1536 3597 1882 1
5 39 -112 208 208 0
5 40 -160 -160 -160 0
5 41 368 -1440 -1440 0
5 42 688 1760 45 1
5 43 -704 -1568 -1568 0
5 44 208 208 208 0
5 45 1760 2384 669 1
5 46 0 -672 -672 0
5 47 -48 -48 -48 0
5 48 0 0 0 0
5 49 0 816 816 0
5 50 0 -960 -960 0
5 51 0 0 0 0
5 52 0 0 0 0
5 53 304 1168 1168 0
5 54 1008 3594 1879 1
5 55 192 -720 -720 0
5 56 480 480 480 0
5 57 -2384 -3392 -3392 0
5 58 1136 5293 3578 1
5 59 2560 1872 157 1
5 60 224 224 224 0
5 61 2320 3728 2013 1
5 62 144 1168 1168 0
5 63 1120 1120 1120 0
5 64 0 0 0 0
5 65 0 -704 -704 0
5 66 0 656 656 0
5 67 0 0 0 0
5 68 0 0 0 0
5 69 -224 1373 1373 0
5 70 640 1344 1344 0
5 71 256 544 544 0
5 72 -32 -32 -32 0
5 73 -928 1005 1005 0
5 74 2080 2080 365 1
5 75 1232 2400 685 1
5 76 128 128 128 0
5 77 864 1165 1165 0
5 78 -464 -339 -339 0
5 79 -80 -80 -80 0
5 80 0 0 0 0
5 81 0 -448 -448 0
5 82 0 -1136 -1136 0
5 83 0 0 0 0
5 84 0 0 0 0
5 85 640 -960 -960 0
5 86 576 1152 1152 0
5 87 1088 1152 1152 0
5 88 -464 -464 -464 0
5 89 1296 1488 1488 0
5 90 2192 4461 2746 1
5 91 688 -48 -48 0
5 92 -160 -160 -160 0
5 93 368 493 493 0
5 94 1392 2400 685 1
5 95 352 352 352 0
5 96 0 0 0 0
5 97 0 256 256 0
5 98 0 -256 -256 0
5 99 0 0 0 0
5 100 0 0 0 0
5 101 144 653 653 0
5 102 768 112 112 0
5 103 1008 2480 765 1
5 104 464 464 464 0
5 105 864 1261 1261 0
5 106 1360 2208 493 1
5 107 992 960 960 0
5 108 608 608 608 0
5 109 -544 288 288 0
5 110 -1328 -416 -416 0
5 111 640 640 640 0
5 112 0 0 0 0
5 113 0 -224 -224 0
5 114 0 333 333 0
5 115 0 0 0 0
5 116 0 0 0 0
5 117 736 1213 1213 0
5 118 -48 989 989 0
5 119 48 1280 1280 0
5 120 304 304 304 0
5 121 2080 3117 1402 1
5 122 1424 -176 -176 0
5 123 880 1632 1632 0
5 124 576 576 576 0
5 125 -352 1072 1072 0
5 126 144 1600 1600 0
5 127 -416 -416 -416 0
5 128 0 0 0 0
5 129 0 288 288 0
5 130 0 -1200 -1200 0
5 131 0 0 0 0
5 132 0 0 0 0
5 133 912 1341 1341 0
5 134 192 1024 1024 0
5 135 576 688 688 0
5 136 16 16 16 0
5 137 336 1632 1632 0
5 138 2880 3885 2170 1
5 139 2000 2640 925 1
5 140 80 80 80 0
5 141 1360 1808 93 1
5 142 1584 2013 298 1
5 143 320 320 320 0
5 144 0 0 0 0
5 145 0 624 624 0
5 146 0 109 109 0
5 147 0 0 0 0
5 148 0 0 0 0
5 149 112 2077 362 1
5 150 1056 1136 1136 0
5 151 1280 2752 1037 1
5 152 208 208 208 0
5 153 -192 1152 1152 0
5 154 1104 1424 1424 0
5 155 1312 1952 237 1
5 156 832 832 832 0
5 157 64 -1632 -1632 0
5 158 -1280 -1344 -1344 0
5 159 128 128 128 0
5 160 0 0 0 0
5 161 0 -320 -320 0
5 162 0 -1344 -1344 0
5 163 0 0 0 0
5 164 0 0 0 0
5 165 -192 512 512 0
5 166 2016 1600 1600 0
5 167 -736 -1184 -1184 0
5 168 112 112 112 0
5 169 0 752 752 0
5 170 3792 6109 4394 1
5 171 -512 -240 -240 0
5 172 -288 -288 -288 0
5 173 1808 3232 1517 1
5 174 368 928 928 0
5 175 16 16 16 0
5 176 0 0 0 0
5 177 0 1008 1008 0
5 178 0 -480 -480 0
5 179 0 0 0 0
5 180 0 0 0 0
5 181 672 1936 221 1
5 182 736 1245 1245 0
5 183 -272 368 368 0
5 184 192 192 192 0
5 185 -32 -592 -592 0
5 186 128 493 493 0
5 187 2976 3184 1469 1
5 188 80 80 80 0
5 189 656 1792 77 1
5 190 112 320 320 0
5 191 48 48 48 0
5 192 0 0 0 0
5 193 0 -384 -384 0
5 194 0 -624 -624 0
5 195 0 0 0 0
5 196 0 0 0 0
5 197 -368 -960 -960 0
5 198 -512 413 413 0
5 199 0 144 144 0
5 200 16 16 16 0
5 201 704 1565 1565 0
5 202 1024 1680 1680 0
5 203 1120 1520 1520 0
5 204 64 64 64 0
5 205 -416 -400 -400 0
5 206 32 1184 1184 0
5 207 320 320 320 0
5 208 0 0 0 0
5 209 0 832 832 0
5 210 0 125 125 0
5 211 0 0 0 0
5 212 0 0 0 0
5 213 32 221 221 0
5 214 960 3517 1802 1
5 215 -224 -16 -16 0
5 216 64 64 64 0
5 217 464 1792 77 1
5 218 1600 2397 682 1
5 219 960 800 800 0
5 220 -160 -160 -160 0
5 221 1952 2749 1034 1
5 222 1312 384 384 0
5 223 480 480 480 0
5 224 0 0 0 0
5 225 0 -1344 -1344 0
5 226 0 80 80 0
5 227 0 0 0 0
5 228 0 0 0 0
5 229 656 1792 77 1
5 230 656 1664 1664 0
5 231 -528 400 400 0
5 232 -800 -800 -800 0
5 233 928 1997 282 1
5 234 2368 2912 1197 1
5 235 -800 -547 -547 0
5 236 432 432 432 0
5 237 640 368 368 0
5 238 912 496 496 0
5 239 368 368 368 0
5 240 0 0 0 0
5 241 0 32 32 0
5 242 0 128 128 0
5 243 0 0 0 0
5 244 0 0 0 0
5 245 928 2669 954 1
5 246 1056 2317 602 1
5 247 384 669 669 0
5 248 -16 -16 -16 0
5 249 1056 1808 93 1
5 250 -1328 -1488 -1488 0
5 251 -384 -640 -640 0
5 252 320 320 320 0
5 253 400 1568 1568 0
5 254 -1328 -1184 -1184 0
5 255 -320 -320 -320 0
5 256 0 0 0 0
5 257 0 -192 -192 0
5 258 0 1408 1408 0
5 259 0 0 0 0
5 260 0 0 0 0
5 261 -608 -992 -992 0
5 262 -848 -1360 -1360 0
5 263 48 560 560 0
5 264 -160 -160 -160 0
5 265 912 2144 429 1
5 266 32 -768 -768 0
5 267 1728 2221 506 1
5 268 -48 -48 -48 0
5 269 -320 -448 -448 0
5 270 2176 3776 2061 1
5 271 880 880 880 0
5 272 0 0 0 0
5 273 0 64 64 0
5 274 0 -752 -752 0
5 275 0 0 0 0
5 276 0 0 0 0
5 277 1056 2544 829 1
5 278 1024 1981 266 1
5 279 0 -192 -192 0
5 280 -64 -64 -64 0
5 281 912 -32 -32 0
5 282 -416 -1312 -1312 0
5 283 -128 -384 -384 0
5 284 -224 -224 -224 0
5 285 112 125 125 0
5 286 608 1856 141 1
5 287 -272 -272 -272 0
5 288 0 0 0 0
5 289 0 128 128 0
5 290 0 384 384 0
5 291 0 0 0 0
5 292 0 0 0 0
5 293 912 2176 461 1
5 294 880 176 176 0
5 295 -96 672 672 0
5 296 -688 -688 -688 0
5 297 320 4573 2858 1
5 298 1040 1808 93 1
5 299 -144 992 992 0
5 300 752 752 752 0
5 301 0 -1920 -1920 0
5 302 448 672 672 0
5 303 336 336 336 0
5 304 0 0 0 0
5 305 0 1024 1024 0
5 306 0 717 717 0
5 307 0 0 0 0
5 308 0 0 0 0
5 309 0 16 16 0
5 310 -768 1018 1018 0
5 311 208 320 320 0
5 312 352 352 352 0
5 313 912 736 736 0
5 314 -2064 -579 -579 0
5 315 1312 2400 685 1
5 316 416 416 416 0
5 317 -832 400 400 0
5 318 -944 -1120 -1120 0
5 319 1328 1328 1328 0
5 320 0 0 0 0
5 321 0 352 352 0
5 322 0 464 464 0
5 323 0 0 0 0
5 324 0 0 0 0
5 325 -112 608 608 0
5 326 128 400 400 0
5 327 -912 736 736 0
5 328 -32 -32 -32 0
5 329 -1040 605 605 0
5 330 1008 1312 1312 0
5 331 -848 752 752 0
5 332 208 208 208 0
5 333 208 1664 1664 0
5 334 1280 912 912 0
5 335 -224 -224 -224 0
5 336 0 0 0 0
5 337 0 -64 -64 0
5 338 0 -288 -288 0
5 339 0 0 0 0
5 340 0 0 0 0
5 341 832 1568 1568 0
5 342 64 3466 1751 1
5 343 -144 -224 -224 0
5 344 -32 -32 -32 0
5 345 1616 1552 1552 0
5 346 0 189 189 0
5 347 1232 352 352 0
5 348 -176 -176 -176 0
5 349 1712 1773 58 1
5 350 976 256 256 0
5 351 -848 -848 -848 0
5 352 0 0 0 0
5 353 0 112 112 0
5 354 0 1040 1040 0
5 355 0 0 0 0
5 356 0 0 0 0
5 357 160 1392 1392 0
5 358 -256 -432 -432 0
5 359 2288 1072 1072 0
5 360 -368 -368 -368 0
5 361 1824 3136 1421 1
5 362 816 1440 1440 0
5 363 816 1760 45 1
5 364 480 480 480 0
5 365 -320 432 432 0
5 366 2896 3904 2189 1
5 367 -368 -368 -368 0
5 368 0 0 0 0
5 369 0 1184 1184 0
5 370 0 1469 1469 0
5 371 0 0 0 0
5 372 0 0 0 0
5 373 -976 -4784 -4784 0
5 374 -112 637 637 0
5 375 960 -96 -96 0
5 376 304 304 304 0
5 377 2048 3677 1962 1
5 378 -96 -576 -576 0
5 379 3008 3184 1469 1
5 380 -160 -160 -160 0
5 381 -752 -387 -387 0
5 382 2048 1856 141 1
5 383 160 160 160 0
5 384 0 0 0 0
5 385 0 352 352 0
5 386 0 496 496 0
5 387 0 0 0 0
5 388 0 0 0 0
5 389 1232 2624 909 1
5 390 592 1757 42 1
5 391 1296 1264 1264 0
5 392 64 64 64 0
5 393 1072 1536 1536 0
5 394 -464 480 480 0
5 395 1936 2480 765 1
5 396 656 656 656 0
5 397 -64 672 672 0
5 398 112 1376 1376 0
5 399 -496 -496 -496 0
5 400 0 0 0 0
5 401 0 304 304 0
5 402 0 384 384 0
5 403 0 0 0 0
5 404 0 0 0 0
5 405 384 768 768 0
5 406 272 573 573 0
5 407 16 288 288 0
5 408 192 192 192 0
5 409 1072 2381 666 1
5 410 208 1184 1184 0
5 411 2400 2957 1242 1
5 412 400 400 400 0
5 413 -832 -435 -435 0
5 414 -480 1184 1184 0
5 415 -384 -384 -384 0
5 416 0 0 0 0
5 417 0 464 464 0
5 418 0 1168 1168 0
5 419 0 0 0 0
5 420 0 0 0 0
5 421 -752 -416 -416 0
5 422 656 -464 -464 0
5 423 272 1216 1216 0
5 424 -80 -80 -80 0
5 425 2000 4509 2794 1
5 426 1808 848 848 0
5 427 -1616 -1920 -1920 0
5 428 -672 -672 -672 0
5 429 1088 -256 -256 0
5 430 1232 -128 -128 0
5 431 240 240 240 0
5 432 0 0 0 0
5 433 0 656 656 0
5 434 0 960 960 0
5 435 0 0 0 0
5 436 0 0 0 0
5 437 -32 576 576 0
5 438 -256 1197 1197 0
5 439 -112 -496 -496 0
5 440 128 128 128 0
5 441 1296 2381 666 1
5 442 1248 4109 2394 1
5 443 2080 1952 237 1
5 444 0 0 0 0
5 445 -64 1424 1424 0
5 446 464 736 736 0
5 447 688 688 688 0
5 448 0 0 0 0
5 449 0 -320 -320 0
5 450 0 -2304 -2304 0
5 451 0 0 0 0
5 452 0 0 0 0
5 453 1344 1520 1520 0
5 454 64 765 765 0
5 455 480 1440 1440 0
5 456 48 48 48 0
5 457 -720 -3344 -3344 0
5 458 -880 893 893 0
5 459 2112 2624 909 1
5 460 -512 -512 -512 0
5 461 -320 141 141 0
5 462 -928 -368 -368 0
5 463 896 896 896 0
5 464 0 0 0 0
5 465 0 624 624 0
5 466 0 -992 -992 0
5 467 0 0 0 0
5 468 0 0 0 0
5 469 1472 3885 2170 1
5 470 1920 5437 3722 1
5 471 1344 2544 829 1
5 472 384 384 384 0
5 473 -496 -2224 -2224 0
5 474 3040 4013 2298 1
5 475 3312 3376 1661 1
5 476 336 336 336 0
5 477 2688 3056 1341 1
5 478 1552 1952 237 1
5 479 48 48 48 0
5 480 0 0 0 0
5 481 0 640 640 0
5 482 0 1536 1536 0
5 483 0 0 0 0
5 484 0 0 0 0
5 485 416 1808 93 1
5 486 1216 2141 426 1
5 487 1216 2637 922 1
5 488 96 96 96 0
5 489 272 48 48 0
5 490 368 1693 1693 0
5 491 2272 2736 1021 1
5 492 288 288 288 0
5 493 1056 -176 -176 0
5 494 960 1408 1408 0
5 495 208 208 208 0
5 496 0 0 0 0
5 497 0 208 208 0
5 498 0 -656 -656 0
5 499 0 0 0 0
5 500 0 0 0 0
5 501 448 1104 1104 0
5 502 720 1821 106 1
5 503 688 1584 1584 0
5 504 432 432 432 0
5 505 864 1312 1312 0
5 506 -368 93 93 0
5 507 1824 1344 1344 0
5 508 -512 -512 -512 0
5 509 752 2016 301 1
5 510 512 608 608 0
5 511 848 848 848 0
6 0 0 0 0 0
6 1 0 224 224 0
6 2 224 416 416 0
6 3 -336 -336 -336 0
6 4 0 0 0 0
6 5 0 989 989 0
6 6 1920 1808 93 1
6 7 -560 -3120 -3120 0
6 8 0 224 224 0
6 9 0 944 944 0
6 10 0 1309 1309 0
6 11 0 -16 -16 0
6 12 0 704 704 0
6 13 0 1376 1376 0
6 14 0 -1104 -1104 0
6 15 0 208 208 0
6 16 0 0 0 0
6 17 0 560 560 0
6 18 560 1053 1053 0
6 19 1264 1264 1264 0
6 20 0 0 0 0
6 21 0 -992 -992 0
6 22 -1344 -2496 -2496 0
6 23 -992 192 192 0
6 24 0 80 80 0
6 25 0 634 634 0
6 26 0 138 138 0
6 27 0 768 768 0
6 28 0 -752 -752 0
6 29 0 -1488 -1488 0
6 30 0 -256 -256 0
6 31 0 32 32 0
6 32 0 0 0 0
6 33 0 656 656 0
6 34 656 80 80 0
6 35 -208 -208 -208 0
6 36 0 0 0 0
6 37 0 1213 1213 0
6 38 496 2378 663 1
6 39 704 912 912 0
6 40 0 -160 -160 0
6 41 0 -1440 -1440 0
6 42 0 45 45 0
6 43 0 -1568 -1568 0
6 44 0 208 208 0
6 45 0 669 669 0
6 46 0 -672 -672 0
6 47 0 -48 -48 0
6 48 0 0 0 0
6 49 0 816 816 0
6 50 816 -144 -144 0
6 51 -544 -544 -544 0
6 52 0 0 0 0
6 53 0 1168 1168 0
6 54 464 2343 628 1
6 55 3152 2432 717 1
6 56 0 480 480 0
6 57 0 -3392 -3392 0
6 58 0 3578 1863 1
6 59 0 157 157 0
6 60 0 224 224 0
6 61 0 2013 298 1
6 62 0 1168 1168 0
6 63 0 1120 1120 0
6 64 0 0 0 0
6 65 0 -704 -704 0
6 66 -704 -48 -48 0
6 67 560 560 560 0
6 68 0 0 0 0
6 69 0 1373 1373 0
6 70 448 1792 77 1
6 71 1200 1744 29 1
6 72 0 -32 -32 0
6 73 0 1005 1005 0
6 74 0 365 365 0
6 75 0 685 685 0
6 76 0 128 128 0
6 77 0 1165 1165 0
6 78 0 -339 -339 0
6 79 0 -80 -80 0
6 80 0 0 0 0
6 81 0 -448 -448 0
6 82 -448 -1584 -1584 0
6 83 -1296 -1296 -1296 0
6 84 0 0 0 0
6 85 0 -960 -960 0
6 86 32 1184 1184 0
6 87 -352 800 800 0
6 88 0 -464 -464 0
6 89 0 1488 1488 0
6 90 0 2746 1031 1
6 91 0 -48 -48 0
6 92 0 -160 -160 0
6 93 0 493 493 0
6 94 0 685 685 0
6 95 0 352 352 0
6 96 0 0 0 0
6 97 0 256 256 0
6 98 256 0 0 0
6 99 544 544 544 0
6 100 0 0 0 0
6 101 0 653 653 0
6 102 1280 1392 1392 0
6 103 992 1757 42 1
6 104 0 464 464 0
6 105 0 1261 1261 0
6 106 0 493 493 0
6 107 0 960 960 0
6 108 0 608 608 0
6 109 0 288 288 0
6 110 0 -416 -416 0
6 111 0 640 640 0
6 112 0 0 0 0
6 113 0 -224 -224 0
6 114 -224 109 109 0
6 115 1232 1232 1232 0
6 116 0 0 0 0
6 117 0 1213 1213 0
6 118 1632 2621 906 1
6 119 720 2000 285 1
6 120 0 304 304 0
6 121 0 1402 1402 0
6 122 0 -176 -176 0
6 123 0 1632 1632 0
6 124 0 576 576 0
6 125 0 1072 1072 0
6 126 0 1600 1600 0
6 127 0 -416 -416 0
6 128 0 0 0 0
6 129 0 288 288 0
6 130 288 -912 -912 0
6 131 -1248 -1248 -1248 0
6 132 0 0 0 0
6 133 0 1341 1341 0
6 134 960 1984 269 1
6 135 160 848 848 0
6 136 0 16 16 0
6 137 0 1632 1632 0
6 138 0 2170 455 1
6 139 0 925 925 0
6 140 0 80 80 0
6 141 0 93 93 0
6 142 0 298 298 0
6 143 0 320 320 0
6 144 0 0 0 0
6 145 0 624 624 0
6 146 624 733 733 0
6 147 1328 1328 1328 0
6 148 0 0 0 0
6 149 0 362 362 0
6 150 1664 2800 1085 1
6 151 528 1565 1565 0
6 152 0 208 208 0
6 153 0 1152 1152 0
6 154 0 1424 1424 0
6 155 0 237 237 0
6 156 0 832 832 0
6 157 0 -1632 -1632 0
6 158 0 -1344 -1344 0
6 159 0 128 128 0
6 160 0 0 0 0
6 161 0 -320 -320 0
6 162 -320 -1664 -1664 0
6 163 -464 -464 -464 0
6 164 0 0 0 0
6 165 0 512 512 0
6 166 880 2480 765 1
6 167 496 -688 -688 0
6 168 0 112 112 0
6 169 0 752 752 0
6 170 0 4394 2679 1
6 171 0 -240 -240 0
6 172 0 -288 -288 0
6 173 0 1517 1517 0
6 174 0 928 928 0
6 175 0 16 16 0
6 176 0 0 0 0
6 177 0 1008 1008 0
6 178 1008 528 528 0
6 179 -80 -80 -80 0
6 180 0 0 0 0
6 181 0 221 221 0
6 182 -32 1213 1213 0
6 183 1552 1920 205 1
6 184 0 192 192 0
6 185 0 -592 -592 0
6 186 0 493 493 0
6 187 0 1469 1469 0
6 188 0 80 80 0
6 189 0 77 77 0
6 190 0 320 320 0
6 191 0 48 48 0
6 192 0 0 0 0
6 193 0 -384 -384 0
6 194 -384 -1008 -1008 0
6 195 -368 -368 -368 0
6 196 0 0 0 0
6 197 0 -960 -960 0
6 198 528 941 941 0
6 199 736 880 880 0
6 200 0 16 16 0
6 201 0 1565 1565 0
6 202 0 1680 1680 0
6 203 0 1520 1520 0
6 204 0 64 64 0
6 205 0 -400 -400 0
6 206 0 1184 1184 0
6 207 0 320 320 0
6 208 0 0 0 0
6 209 0 832 832 0
6 210 832 957 957 0
6 211 720 720 720 0
6 212 0 0 0 0
6 213 0 221 221 0
6 214 16 1818 103 1
6 215 1088 1072 1072 0
6 216 0 64 64 0
6 217 0 77 77 0
6 218 0 682 682 0
6 219 0 800 800 0
6 220 0 -160 -160 0
6 221 0 1034 1034 0
6 222 0 384 384 0
6 223 0 480 480 0
6 224 0 0 0 0
6 225 0 -1344 -1344 0
6 226 -1344 -1264 -1264 0
6 227 816 816 816 0
6 228 0 0 0 0
6 229 0 77 77 0
6 230 1184 2848 1133 1
6 231 -304 96 96 0
6 232 0 -800 -800 0
6 233 0 282 282 0
6 234 0 1197 1197 0
6 235 0 -547 -547 0
6 236 0 432 432 0
6 237 0 368 368 0
6 238 0 496 496 0
6 239 0 368 368 0
6 240 0 0 0 0
6 241 0 32 32 0
6 242 32 160 160 0
6 243 -144 -144 -144 0
6 244 0 0 0 0
6 245 0 954 954 0
6 246 992 1594 1594 0
6 247 1536 2205 490 1
6 248 0 -16 -16 0
6 249 0 93 93 0
6 250 0 -1488 -1488 0
6 251 0 -640 -640 0
6 252 0 320 320 0
6 253 0 1568 1568 0
6 254 0 -1184 -1184 0
6 255 0 -320 -320 0
6 256 0 0 0 0
6 257 0 -192 -192 0
6 258 -192 1216 1216 0
6 259 464 464 464 0
6 260 0 0 0 0
6 261 0 -992 -992 0
6 262 160 -1200 -1200 0
6 263 -480 80 80 0
6 264 0 -160 -160 0
6 265 0 429 429 0
6 266 0 -768 -768 0
6 267 0 506 506 0
6 268 0 -48 -48 0
6 269 0 -448 -448 0
6 270 0 2061 346 1
6 271 0 880 880 0
6 272 0 0 0 0
6 273 0 64 64 0
6 274 64 -688 -688 0
6 275 -320 -320 -320 0
6 276 0 0 0 0
6 277 0 829 829 0
6 278 -48 218 218 0
6 279 1008 816 816 0
6 280 0 -64 -64 0
6 281 0 -32 -32 0
6 282 0 -1312 -1312 0
6 283 0 -384 -384 0
6 284 0 -224 -224 0
6 285 0 125 125 0
6 286 0 141 141 0
6 287 0 -272 -272 0
6 288 0 0 0 0
6 289 0 128 128 0
6 290 128 512 512 0
6 291 160 160 160 0
6 292 0 0 0 0
6 293 0 461 461 0
6 294 704 880 880 0
6 295 -112 560 560 0
6 296 0 -688 -688 0
6 297 0 2858 1143 1
6 298 0 93 93 0
6 299 0 992 992 0
6 300 0 752 752 0
6 301 0 -1920 -1920 0
6 302 0 672 672 0
6 303 0 336 336 0
6 304 0 0 0 0
6 305 0 1024 1024 0
6 306 1024 1741 26 1
6 307 1088 1088 1088 0
6 308 0 0 0 0
6 309 0 16 16 0
6 310 256 1274 1274 0
6 311 1088 1408 1408 0
6 312 0 352 352 0
6 313 0 736 736 0
6 314 0 -579 -579 0
6 315 0 685 685 0
6 316 0 416 416 0
6 317 0 400 400 0
6 318 0 -1120 -1120 0
6 319 0 1328 1328 0
6 320 0 0 0 0
6 321 0 352 352 0
6 322 352 816 816 0
6 323 -352 -352 -352 0
6 324 0 0 0 0
6 325 0 608 608 0
6 326 96 496 496 0
6 327 -192 544 544 0
6 328 0 -32 -32 0
6 329 0 605 605 0
6 330 0 1312 1312 0
6 331 0 752 752 0
6 332 0 208 208 0
6 333 0 1664 1664 0
6 334 0 912 912 0
6 335 0 -224 -224 0
6 336 0 0 0 0
6 337 0 -64 -64 0
6 338 -64 -352 -352 0
6 339 -192 -192 -192 0
6 340 0 0 0 0
6 341 0 1568 1568 0
6 342 0 1751 36 1
6 343 2288 2064 349 1
6 344 0 -32 -32 0
6 345 0 1552 1552 0
6 346 0 189 189 0
6 347 0 352 352 0
6 348 0 -176 -176 0
6 349 0 58 58 0
6 350 0 256 256 0
6 351 0 -848 -848 0
6 352 0 0 0 0
6 353 0 112 112 0
6 354 112 1152 1152 0
6 355 768 768 768 0
6 356 0 0 0 0
6 357 0 1392 1392 0
6 358 1216 784 784 0
6 359 -928 144 144 0
6 360 0 -368 -368 0
6 361 0 1421 1421 0
6 362 0 1440 1440 0
6 363 0 45 45 0
6 364 0 480 480 0
6 365 0 432 432 0
6 366 0 2189 474 1
6 367 0 -368 -368 0
6 368 0 0 0 0
6 369 0 1184 1184 0
6 370 1184 2653 938 1
6 371 1232 1232 1232 0
6 372 0 0 0 0
6 373 0 -4784 -4784 0
6 374 -464 173 173 0
6 375 2032 1936 221 1
6 376 0 304 304 0
6 377 0 1962 247 1
6 378 0 -576 -576 0
6 379 0 1469 1469 0
6 380 0 -160 -160 0
6 381 0 -387 -387 0
6 382 0 141 141 0
6 383 0 160 160 0
6 384 0 0 0 0
6 385 0 352 352 0
6 386 352 848 848 0
6 387 -368 -368 -368 0
6 388 0 0 0 0
6 389 0 909 909 0
6 390 1968 2010 295 1
6 391 544 1808 93 1
6 392 0 64 64 0
6 393 0 1536 1536 0
6 394 0 480 480 0
6 395 0 765 765 0
6 396 0 656 656 0
6 397 0 672 672 0
6 398 0 1376 1376 0
6 399 0 -496 -496 0
6 400 0 0 0 0
6 401 0 304 304 0
6 402 304 688 688 0
6 403 160 160 160 0
6 404 0 0 0 0
6 405 0 768 768 0
6 406 1200 1773 58 1
6 407 1744 2032 317 1
6 408 0 192 192 0
6 409 0 666 666 0
6 410 0 1184 1184 0
6 411 0 1242 1242 0
6 412 0 400 400 0
6 413 0 -435 -435 0
6 414 0 1184 1184 0
6 415 0 -384 -384 0
6 416 0 0 0 0
6 417 0 464 464 0
6 418 464 1632 1632 0
6 419 768 768 768 0
6 420 0 0 0 0
6 421 0 -416 -416 0
6 422 -976 -1440 -1440 0
6 423 -704 512 512 0
6 424 0 -80 -80 0
6 425 0 2794 1079 1
6 426 0 848 848 0
6 427 0 -1920 -1920 0
6 428 0 -672 -672 0
6 429 0 -256 -256 0
6 430 0 -128 -128 0
6 431 0 240 240 0
6 432 0 0 0 0
6 433 0 656 656 0
6 434 656 1616 1616 0
6 435 192 192 192 0
6 436 0 0 0 0
6 437 0 576 576 0
6 438 688 1885 170 1
6 439 1184 688 688 0
6 440 0 128 128 0
6 441 0 666 666 0
6 442 0 2394 679 1
6 443 0 237 237 0
6 444 0 0 0 0
6 445 0 1424 1424 0
6 446 0 736 736 0
6 447 0 688 688 0
6 448 0 0 0 0
6 449 0 -320 -320 0
6 450 -320 -2624 -2624 0
6 451 -1344 -1344 -1344 0
6 452 0 0 0 0
6 453 0 1520 1520 0
6 454 0 765 765 0
6 455 1040 2480 765 1
6 456 0 48 48 0
6 457 0 -3344 -3344 0
6 458 0 893 893 0
6 459 0 909 909 0
6 460 0 -512 -512 0
6 461 0 141 141 0
6 462 0 -368 -368 0
6 463 0 896 896 0
6 464 0 0 0 0
6 465 0 624 624 0
6 466 624 -368 -368 0
6 467 -1056 -1056 -1056 0
6 468 0 0 0 0
6 469 0 2170 455 1
6 470 1840 5562 3847 1
6 471 720 1549 1549 0
6 472 0 384 384 0
6 473 0 -2224 -2224 0
6 474 0 2298 583 1
6 475 0 1661 1661 0
6 476 0 336 336 0
6 477 0 1341 1341 0
6 478 0 237 237 0
6 479 0 48 48 0
6 480 0 0 0 0
6 481 0 640 640 0
6 482 640 2176 461 1
6 483 640 640 640 0
6 484 0 0 0 0
6 485 0 93 93 0
6 486 320 746 746 0
6 487 400 1322 1322 0
6 488 0 96 96 0
6 489 0 48 48 0
6 490 0 1693 1693 0
6 491 0 1021 1021 0
6 492 0 288 288 0
6 493 0 -176 -176 0
6 494 0 1408 1408 0
6 495 0 208 208 0
6 496 0 0 0 0
6 497 0 208 208 0
6 498 208 -448 -448 0
6 499 -208 -208 -208 0
6 500 0 0 0 0
6 501 0 1104 1104 0
6 502 368 474 474 0
6 503 2208 3792 2077 1
6 504 0 432 432 0
6 505 0 1312 1312 0
6 506 0 93 93 0
6 507 0 1344 1344 0
6 508 0 -512 -512 0
6 509 0 301 301 0
6 510 0 608 608 0
6 511 0 848 848 0
