0 0 0 0
0 1 0 0
0 2 0 0
0 3 0 0
0 4 0 0
0 5 0 0
0 6 0 0
0 7 0 0
0 8 0 0
0 9 0 0
1 0 -176 -704
1 1 88 352
1 2 -296 -1184
1 3 -468 -1872
1 4 -79 -316
1 5 40 160
1 6 -135 -540
1 7 -373 -1492
1 8 -255 -1020
1 9 -131 -524
2 0 -680 -2744
2 1 -311 -581
2 2 -144 -1616
2 3 -187 -2433
2 4 -795 -2701
2 5 -327 -821
2 6 -670 -2550
2 7 -879 -4129
2 8 465 375
2 9 -1024 -3596
3 0 -749 -4242
3 1 -1017 -2615
3 2 -577 -2770
3 3 -96 -2625
3 4 -1437 -5575
3 5 134 -553
3 6 -871 -4292
3 7 -611 -5351
3 8 498 1371
3 9 -759 -5114
4 0 64 320
4 1 -154 -770
4 2 -51 -255
4 3 -55 -275
4 4 -69 -345
4 5 99 495
4 6 -141 -705
4 7 75 375
4 8 -50 -250
4 9 -30 -150
5 0 -703 -2492
5 1 -424 -2466
5 2 -50 -455
5 3 -494 -2251
5 4 -456 -2169
5 5 -189 -261
5 6 -1098 -5097
5 7 20 455
5 8 -229 -1166
5 9 -237 -1098
6 0 -342 -3518
6 1 -782 -4812
6 2 -538 -2069
6 3 -365 -3346
6 4 -33 -2268
6 5 -690 -2331
6 6 -899 -7794
6 7 555 2120
6 8 -682 -3212
6 9 218 -444
7 0 -469 -4456
7 1 -226 -5264
7 2 -423 -2915
7 3 -184 -3714
7 4 -161 -2590
7 5 185 -1961
7 6 -765 -9324
7 7 -14 2092
7 8 -173 -3558
7 9 -229 -902
8 0 -352 -1760
8 1 -368 -1840
8 2 -101 -505
8 3 86 430
8 4 -793 -3965
8 5 152 760
8 6 -765 -3825
8 7 -39 -195
8 8 -232 -1160
8 9 -444 -2220
9 0 -1722 -8648
9 1 -1923 -9532
9 2 -435 -2245
9 3 -189 -326
9 4 -1601 -10369
9 5 -257 -268
9 6 -2099 -12221
9 7 -739 -3151
9 8 -608 -3592
9 9 -1606 -8644
10 0 -1911 -14381
10 1 -2431 -16825
10 2 -1016 -5293
10 3 -337 -1337
10 4 -2179 -16906
10 5 -115 -613
10 6 -1668 -17225
10 7 -1605 -7966
10 8 -880 -6232
10 9 -2382 -15790
11 0 -1423 -17227
11 1 -1920 -20665
11 2 -1393 -8079
11 3 -410 -2157
11 4 -2122 -21150
11 5 -372 -1357
11 6 -1472 -20169
11 7 -1188 -10342
11 8 -672 -7576
11 9 -2438 -20666
12 0 -449 -2245
12 1 -849 -4245
12 2 -33 -165
12 3 -56 -280
12 4 -1010 -5050
12 5 -431 -2155
12 6 -539 -2695
12 7 -290 -1450
12 8 -183 -915
12 9 -696 -3480
13 0 -1015 -6305
13 1 -1281 -9369
13 2 93 207
13 3 -541 -2444
13 4 -1725 -11950
13 5 -437 -3903
13 6 -1233 -7627
13 7 -1442 -7218
13 8 -479 -2831
13 9 -925 -7180
14 0 -1695 -11390
14 1 -1995 -15354
14 2 -715 -1938
14 3 -358 -3518
14 4 -3154 -21412
14 5 -322 -4869
14 6 -2694 -15709
14 7 -1344 -11250
14 8 -782 -5177
14 9 -2437 -14491
15 0 -1330 -14050
15 1 -2701 -20756
15 2 -1051 -4040
15 3 -393 -4304
15 4 -1816 -25044
15 5 -691 -6251
15 6 -1473 -18655
15 7 -742 -12734
15 8 -633 -6443
15 9 -1858 -18207
