0 0 0 0 0 2049 1057 37 3143 0 3143
1 1008 1248 430 2686 2040 5169 500 7709 2686 10852
2 1152 1824 990 3966 2185 9215 1116 12516 6652 23368
3 384 1184 910 2478 1460 5747 1028 8235 9130 31603
4 288 224 60 572 2339 2213 103 4655 572 4655
5 1152 2016 720 3888 2185 8926 819 11930 4460 16585
6 672 1376 800 2848 1750 5747 907 8404 7308 24989
7 144 352 430 926 1170 1701 500 3371 8234 28360
8 1408 1792 460 3660 3644 8282 543 12469 3660 12469
9 1296 3360 1560 6216 2620 16440 1743 20803 9876 33272
10 1920 3200 1880 7000 3345 15573 2095 21013 16876 54285
11 2416 2208 1840 6464 3780 12972 2051 18803 23340 73088
12 1744 1984 760 4488 4224 10594 873 15691 4488 15691
13 1504 3616 1520 6640 2765 15862 1699 20326 11128 36017
14 1792 3936 2120 7848 3200 19041 2359 24600 18976 60617
15 1392 1600 1780 4772 2620 7770 1985 12375 23748 72992
