144
0 0 0 0 0 0
123 -456 123 -333 -333 0
-321 654 -321 333 333 0
939 0 939 939 939 0
940 0 940 940 1 1
938 0 938 938 938 0
1 938 1 939 939 0
2 938 2 940 1 1
-1 940 -1 939 939 0
40000 0 32767 32767 31828 1
-40000 0 -32768 -32768 -32768 0
32767 131071 32767 131071 130132 1
-32768 -131072 -32768 -131072 -131072 0
32767 100000 32767 131071 130132 1
-32768 -100000 -32768 -131072 -131072 0
2000 500 2000 2500 1561 1
-13987 -70415 -13987 -84402 -84402 0
-56921 43316 -32768 10548 9609 1
-26239 -87446 -26239 -113685 -113685 0
-53474 67300 -32768 34532 33593 1
28656 -125137 28656 -96481 -96481 0
-6444 -106813 -6444 -113257 -113257 0
-32622 -122634 -32622 -131072 -131072 0
-57664 17986 -32768 -14782 -14782 0
-51345 17144 -32768 -15624 -15624 0
-19227 34746 -19227 15519 14580 1
47522 12494 32767 45261 44322 1
-28447 -30441 -28447 -58888 -58888 0
8595 -90347 8595 -81752 -81752 0
-38244 -90713 -32768 -123481 -123481 0
-5010 96573 -5010 91563 90624 1
25814 108195 25814 131071 130132 1
-47464 14963 -32768 -17805 -17805 0
15032 20569 15032 35601 34662 1
4931 -105074 4931 -100143 -100143 0
-37165 64408 -32768 31640 30701 1
-55501 10039 -32768 -22729 -22729 0
-28943 54165 -28943 25222 24283 1
-52226 -86550 -32768 -119318 -119318 0
43488 87736 32767 120503 119564 1
-58343 -113210 -32768 -131072 -131072 0
-47185 68852 -32768 36084 35145 1
-37281 -20294 -32768 -53062 -53062 0
-5478 56642 -5478 51164 50225 1
-26719 81570 -26719 54851 53912 1
15535 127857 15535 131071 130132 1
33288 -89128 32767 -56361 -56361 0
-7023 -103870 -7023 -110893 -110893 0
34347 33254 32767 66021 65082 1
-10712 -54961 -10712 -65673 -65673 0
18492 -83564 18492 -65072 -65072 0
-32147 -32487 -32147 -64634 -64634 0
-57690 111869 -32768 79101 78162 1
37322 -48407 32767 -15640 -15640 0
-5227 44395 -5227 39168 38229 1
-32930 56325 -32768 23557 22618 1
51559 -122007 32767 -89240 -89240 0
55900 -117054 32767 -84287 -84287 0
-57717 -103443 -32768 -131072 -131072 0
7292 87197 7292 94489 93550 1
56635 -106629 32767 -73862 -73862 0
30511 -35168 30511 -4657 -4657 0
-4460 -7726 -4460 -12186 -12186 0
-22776 -65799 -22776 -88575 -88575 0
-58232 -124468 -32768 -131072 -131072 0
-50270 -73974 -32768 -106742 -106742 0
-2508 -50980 -2508 -53488 -53488 0
-31084 -19775 -31084 -50859 -50859 0
-46077 107640 -32768 74872 73933 1
43100 114945 32767 131071 130132 1
-42193 -127520 -32768 -131072 -131072 0
-36747 66581 -32768 33813 32874 1
-19432 309 -19432 -19123 -19123 0
52811 94662 32767 127429 126490 1
-16963 67478 -16963 50515 49576 1
24330 -76331 24330 -52001 -52001 0
-19819 22583 -19819 2764 1825 1
19813 128571 19813 131071 130132 1
-8897 -78758 -8897 -87655 -87655 0
49797 28178 32767 60945 60006 1
-57041 -69754 -32768 -102522 -102522 0
58576 4552 32767 37319 36380 1
-56404 -76630 -32768 -109398 -109398 0
31282 -23322 31282 7960 7021 1
-48456 111100 -32768 78332 77393 1
6165 -37077 6165 -30912 -30912 0
-23080 -81312 -23080 -104392 -104392 0
28994 -13063 28994 15931 14992 1
-51917 62767 -32768 29999 29060 1
17760 11151 17760 28911 27972 1
-29744 30953 -29744 1209 270 1
-10180 -73865 -10180 -84045 -84045 0
47614 113298 32767 131071 130132 1
-18146 -95396 -18146 -113542 -113542 0
43722 61831 32767 94598 93659 1
-56301 -90854 -32768 -123622 -123622 0
-49715 25120 -32768 -7648 -7648 0
-22540 12986 -22540 -9554 -9554 0
-56004 -54745 -32768 -87513 -87513 0
-15568 -126271 -15568 -131072 -131072 0
17584 -124072 17584 -106488 -106488 0
-18592 -44031 -18592 -62623 -62623 0
22026 -26181 22026 -4155 -4155 0
16366 -110322 16366 -93956 -93956 0
34026 25667 32767 58434 57495 1
34390 85049 32767 117816 116877 1
-8704 -90521 -8704 -99225 -99225 0
48523 112621 32767 131071 130132 1
-53164 128127 -32768 95359 94420 1
-55634 91367 -32768 58599 57660 1
-52527 -36781 -32768 -69549 -69549 0
25189 42313 25189 67502 66563 1
32601 -82366 32601 -49765 -49765 0
-50791 4734 -32768 -28034 -28034 0
16123 71386 16123 87509 86570 1
-3377 -83076 -3377 -86453 -86453 0
27180 70958 27180 98138 97199 1
39595 52629 32767 85396 84457 1
7304 -87567 7304 -80263 -80263 0
50744 -109195 32767 -76428 -76428 0
51708 44546 32767 77313 76374 1
4447 127575 4447 131071 130132 1
27333 23637 27333 50970 50031 1
26923 -106629 26923 -79706 -79706 0
-48045 40040 -32768 7272 6333 1
-36853 -5614 -32768 -38382 -38382 0
-5639 -60689 -5639 -66328 -66328 0
-24158 -72846 -24158 -97004 -97004 0
-35185 -107208 -32768 -131072 -131072 0
43459 -49400 32767 -16633 -16633 0
-40130 27826 -32768 -4942 -4942 0
37040 21273 32767 54040 53101 1
6985 94557 6985 101542 100603 1
-15269 -90090 -15269 -105359 -105359 0
-34579 100045 -32768 67277 66338 1
12660 -10109 12660 2551 1612 1
8102 53068 8102 61170 60231 1
5449 -12429 5449 -6980 -6980 0
35765 75112 32767 107879 106940 1
24145 55371 24145 79516 78577 1
27494 69102 27494 96596 95657 1
-24743 55756 -24743 31013 30074 1
-23134 63640 -23134 40506 39567 1
49676 95055 32767 127822 126883 1
