0 0 0 0
0 1 0 0
0 2 0 0
0 3 0 0
0 4 0 0
0 5 0 0
0 6 0 0
0 7 0 0
0 8 0 0
0 9 0 0
1 0 -46 -230
1 1 3 15
1 2 -12 -60
1 3 27 135
1 4 21 105
1 5 10 50
1 6 -28 -140
1 7 -19 -95
1 8 -18 -90
1 9 30 150
2 0 -50 -250
2 1 -15 -75
2 2 -19 -95
2 3 -21 -105
2 4 57 285
2 5 -5 -25
2 6 -61 -305
2 7 -66 -330
2 8 60 300
2 9 -35 -175
3 0 64 320
3 1 -154 -770
3 2 -51 -255
3 3 -55 -275
3 4 -69 -345
3 5 99 495
3 6 -141 -705
3 7 75 375
3 8 -50 -250
3 9 -30 -150
4 0 -703 -2492
4 1 -424 -2466
4 2 -50 -455
4 3 -494 -2251
4 4 -456 -2169
4 5 -189 -261
4 6 -1098 -5097
4 7 20 455
4 8 -229 -1166
4 9 -237 -1098
5 0 -342 -3518
5 1 -782 -4812
5 2 -538 -2069
5 3 -365 -3346
5 4 -33 -2268
5 5 -690 -2331
5 6 -899 -7794
5 7 555 2120
5 8 -682 -3212
5 9 218 -444
6 0 -469 -4456
6 1 -226 -5264
6 2 -423 -2915
6 3 -184 -3714
6 4 -161 -2590
6 5 185 -1961
6 6 -765 -9324
6 7 -14 2092
6 8 -173 -3558
6 9 -229 -902
