0 0000000000000000000000000000000000000000000000000000000000000000000000000000000000000000000000000000000000000000000000000000000000000000000000000000000000000000000000000000000000000000000000000000000000000000000000000000000000000000000000000000000000000000 00000000000000000000000000000000000000000000000000000000000000000000000000000000000000000000000000000000000000000000000000000000 0 3143 0 3143 0
0 0 0 0 0 0 0 0 0 0
1 0000000000000000000000000000000000000000000000000000000000000000000000000000000000000000000000000000000000000000000000000000000000000000000000000000000000000000000000000000000000000000000000000000000000000000000000000000000000000000000000000000000000000000 00000000000000000000000000000000000000000000000000000000000000000000000000000000000000000000000000000000000000000000000000000000 0 1597 0 4740 0
0 0 0 0 0 0 0 0 0 0
2 0000000000000000000000000000000000000000000000000000000000000000000000000000000000000000000000000000000000000000000000000000000000000000000000000000000000000000000000000000000000000000000000000000000000000000000000000000000000000000000000000000000000000000 00000000000000000000000000000000000000000000000000000000000000000000000000000000000000000000000000000000000000000000000000000000 0 1597 0 6337 0
0 0 0 0 0 0 0 0 0 0
3 0000000000000000000000000000000000000000000000000000000000000000000000000000000000000000000000000000000000000000000000000000000000000000000000000000000000000000000000000000000000000000000000000000000000000000000000000000000000000000000000000000000000000000 00000000000000000000000000000000000000000000000000000000000000000000000000000000000000000000000000000000000000000000000000000000 0 1597 0 7934 0
0 0 0 0 0 0 0 0 0 0
4 0000000000000000000000000000000000000000000000000000000000000000000000000000000000000000000000000000000000000000000000000000000000000000000000000000000000000000000000000000000000000000000000000000000000000000000000000000000000000000000000000000000000000000 00000000000000000000000000000000000000000000000000000000000000000000000000000000000000000000000000000000000000000000000000000000 144 3288 144 3288 0
0 0 0 0 0 0 0 0 0 0
5 0000000000000000000000000000000000000000000000000000000000000000000000000000000000000000000000000000000000000000000000000000000000000000000000000000000000000000000000000000000000000000000000000000000000000000000000000000000000000000000000000000000000000000 00000000000000000000000000000000000000000000000000000000000000000000000000000000000000000000000000000000000000000000000000000000 0 1597 144 4885 0
0 0 0 0 0 0 0 0 0 0
6 0000000000000000000000000000000000000000000000000000000000000000000000000000000000000000000000000000000000000000000000000000000000000000000000000000000000000000000000000000000000000000000000000000000000000000000000000000000000000000000000000000000000000000 00000000000000000000000000000000000000000000000000000000000000000000000000000000000000000000000000000000000000000000000000000000 0 1597 144 6482 0
0 0 0 0 0 0 0 0 0 0
7 0000000000000000000000000000000000000000000000000000000000000000000000000000000000000000000000000000000000000000000000000000000000000000000000000000000000000000000000000000000000000000000000000000000000000000000000000000000000000000000000000000000000000000 00000000000000000000000000000000000000000000000000000000000000000000000000000000000000000000000000000000000000000000000000000000 0 1597 144 8079 0
0 0 0 0 0 0 0 0 0 0
8 0000000000000000000000000000000000000000000000000000000000000000000000000000000000000000000000000000000000000000000000000000000000000000000000000000000000000000000000000000000000000000000000000000000000000000000000000000000000000000000000000000000000000000 00000000000000000000000000000000000000000000000000000000000000000000000000000000000000000000000000000000000000000000000000000000 64 3288 64 3288 0
0 0 0 0 0 0 0 0 0 0
9 0000000000000000000000000000000000000000000000000000000000000000000000000000000000000000000000000000000000000000000000000000000000000000000000000000000000000000000000000000000000000000000000000000000000000000000000000000000000000000000000000000000000000000 00000000000000000000000000000000000000000000000000000000000000000000000000000000000000000000000000000000000000000000000000000000 0 1597 64 4885 0
0 0 0 0 0 0 0 0 0 0
10 0000000000000000000000000000000000000000000000000000000000000000000000000000000000000000000000000000000000000000000000000000000000000000000000000000000000000000000000000000000000000000000000000000000000000000000000000000000000000000000000000000000000000000 00000000000000000000000000000000000000000000000000000000000000000000000000000000000000000000000000000000000000000000000000000000 0 1597 64 6482 0
0 0 0 0 0 0 0 0 0 0
11 0000000000000000000000000000000000000000000000000000000000000000000000000000000000000000000000000000000000000000000000000000000000000000000000000000000000000000000000000000000000000000000000000000000000000000000000000000000000000000000000000000000000000000 00000000000000000000000000000000000000000000000000000000000000000000000000000000000000000000000000000000000000000000000000000000 0 1597 64 8079 0
0 0 0 0 0 0 0 0 0 0
12 0000000000000000000000000000000000000000000000000000000000000000000000000000000000000000000000000000000000000000000000000000000000000000000000000000000000000000000000000000000000000000000000000000000000000000000000000000000000000000000000000000000000000000 00000000000000000000000000000000000000000000000000000000000000000000000000000000000000000000000000000000000000000000000000000000 0 3143 0 3143 0
0 0 0 0 0 0 0 0 0 0
13 0000000000000000000000000000000000000000000000000000000000000000000000000000000000000000000000000000000000000000000000000000000000000000000000000000000000000000000000000000000000000000000000000000000000000000000000000000000000000000000000000000000000000000 00000000000000000000000000000000000000000000000000000000000000000000000000000000000000000000000000000000000000000000000000000000 0 1597 0 4740 0
0 0 0 0 0 0 0 0 0 0
14 0000000000000000000000000000000000000000000000000000000000000000000000000000000000000000000000000000000000000000000000000000000000000000000000000000000000000000000000000000000000000000000000000000000000000000000000000000000000000000000000000000000000000000 00000000000000000000000000000000000000000000000000000000000000000000000000000000000000000000000000000000000000000000000000000000 0 1597 0 6337 0
0 0 0 0 0 0 0 0 0 0
15 0000000000000000000000000000000000000000000000000000000000000000000000000000000000000000000000000000000000000000000000000000000000000000000000000000000000000000000000000000000000000000000000000000000000000000000000000000000000000000000000000000000000000000 00000000000000000000000000000000000000000000000000000000000000000000000000000000000000000000000000000000000000000000000000000000 64 1742 64 8079 0
0 0 0 0 0 0 0 0 0 0
16 0000000000000000000000000000000000000000000000000000000000000000000000000000000000000000000000000000000000000000000000000000000000000000000000000000000000000000000000000000000000000000000000000000000000000000000000000000000000000000000000000000000000000000 00000000000000000000000000000000000000000000000000000000000000000000000000000000000000000000000000000000000000000000000000000000 0 3143 0 3143 0
0 0 0 0 0 0 0 0 0 0
17 0000000000000000000000000000000000000000000000000000000000000000000000000000000000000000000000000000000000000000000000000000000000000000000000000000000000000000000000000000000000000000000000000000000000000000000000000000000000000000000000000000000000000000 00000000000000000000000000000000000000000000000000000000000000000000000000000000000000000000000000000000000000000000000000000000 144 1742 144 4885 0
0 0 0 0 0 0 0 0 0 0
18 0000000000000000000000000000000000000000000000000000000000000000000000000000000000000000000000000000000000000000000000000000000000000000000000000000000000000000000000000000000000000000000000000000000000000000000000000000000000000000000000000000000000000000 00000000000000000000000000000000000000000000000000000000000000000000000000000000000000000000000000000000000000000000000000000000 0 1597 144 6482 0
0 0 0 0 0 0 0 0 0 0
19 0000000000000000000000000000000000000000000000000000000000000000000000000000000000000000000000000000000000000000000000000000000000000000000000000000000000000000000000000000000000000000000000000000000000000000000000000000000000000000000000000000000000000000 00000000000000000000000000000000000000000000000000000000000000000000000000000000000000000000000000000000000000000000000000000000 0 1597 144 8079 0
0 0 0 0 0 0 0 0 0 0
20 0000000000000000000000000000000000000000000000FF808080808080808000000000000000000000000000000000FE00000000000000008080808080800000000000000000000101010101010100FE0000000000007E00000000000000007E0000000000000000000000000000007F000000000000000000000000000000 0008F000F99F000E0000F1100000800000008000F00FE00000000000F00F0000E00E100889990000E00E88880000F990E0060000F990E000800FE00E0000F110 11722 31584 11722 31584 0
-5830 -5015 -4430 25 -9860 -2835 -6715 -4810 -3860 -7700
21 0000000000000000000000000000000000000000000000000000000000000000000000000000000000000000000000000000000000000000000000000000000000000000000000000000000000000000000000000000000000000000000000000000000000000000000000000000000000000000000000000000000000000000 0000E000F00000000000800000000000000000000000000000000000000800006000000080080000E00008800000F00000000000100080000000000000000000 240 1861 11962 33445 0
-5974 -7087 -5666 509 -12280 -3027 -8063 -5234 -3572 -8080
22 0000000000000000000000000000000000000000000000000000000000000000000000000000000000000000000000000000000000000000000000000000000000000000000000000000000000000000000000000000000000000000000000000000000000000000000000000000000000000000000000000000000000000000 00000000800000000000000000000000000000000000000000000000000000000000000000000000000000000000000000000000000000000000000000000000 10 1608 11972 35053 0
-6025 -7222 -5870 554 -12424 -2931 -8132 -5237 -3482 -8026
23 0000000000000000000000000000000000000000000000000000000000000000000000000000000000000000000000000000000000000000000000000000000000000000000000000000000000000000000000000000000000000000000000000000000000000000000000000000000000000000000000000000000000000000 00000000000000000000000000000000000000000000000000000000000000000000000000000000000000000000000000000000000000000000000000000000 0 1597 11972 36650 3
-6025 -7222 -5870 554 -12424 -2931 -8132 -5237 -3482 -8026
24 0000000000000000000000000000000000000000000000000000000000000000000000000000000000000000000000000000000000000000000000000000000000000000000000000000000000000000000000000000000000000000000000000000000000000000000000000000000000000000000000000000000000000000 00000000000000000000000000000000000000000000000000000000000000000000000000000000000000000000000000000000000000000000000000000000 144 3288 144 3288 0
0 0 0 0 0 0 0 0 0 0
25 0000000000000000000000081000000000000000100C0000000000081008000000000004000C000000000000000000000000000000040000000000000000000000000000000800000000000808000000000000001C00000000000000000000000000000004000000000000000800000000000000140000000000000000000000 00000040006000000260004006000020000002200020064004400420042004000060042000600400022002000040046006400600024006200000000002600000 2116 8650 2260 11938 0
-1944 -1164 -1572 436 -116 608 -1704 -684 -384 -668
26 0000000000000000000000080000000000000000100800000000000808000000000000100008000000000000000000000000001010000000000000100410000000000000040800000000000008000000000000001800000000000000000000000000000800000000000000080008000000000000000000000000000000000000 04200040006004400640026006000420020006000220064004400460042004000060042000400420020006200060066004600660024006200400000002600400 2158 8259 4418 20197 0
-3696 -2886 -3141 43 -254 914 -3012 -765 -1299 -1634
27 0000000000000000000000041000000000000000000C00000000000810080000000000040004000000000000000000000000000008040000000000000000000000000004000800000000000808000000000000101C000000000000000000000000000000040000000000000008000000000000041C0000000000000000000000 00200440006004600660026006000440040006200020064004400420002004000060062002600620006002200060046006400620024006200420004006600200 2528 9759 6946 29956 5
-4678 -4054 -4073 -431 -654 1068 -4218 -969 -1699 -2242
28 0000000000000000000000000000000000000000000000FF808080808080808000000000000000000000000000000000FE00000000000000008080808080800000000000000000000101010101010100FE0000000000007E00000000000000007E0000000000000000000000000000007F000000000000000000000000000000 0008F000F99F000E0000F1100000800000008000F00FE00000000000F00F0000E00E100889990000E00E88880000F990E0060000F990E000800FE00E0000F110 11722 31584 11722 31584 0
-5830 -5015 -4430 25 -9860 -2835 -6715 -4810 -3860 -7700
29 0000000000000000000000000000000000FEFEFEFEFEFEFF808181818181818000000000000000000000000000000000FE0000000000000080FEFEFEFEFEFEFE00000000000000008101010101010101FF0000000000007E00000000000000007F7E7E7E7E7E7E000000000000000000FF000000000000000000000000000000 EEEEFFFFFFFFFFFEFFF0F991EEEEFFFF0EEEFFFEFFFFFEE066660EEEFFFF0110FEEF1111FFFF6000FFFF9FF8EEEEFFF9FEE6EEEEFFF1EEEEEFFFFFFF0000FFF1 23206 71357 34928 102941 0
-17202 -21899 -11818 -4599 -26236 -9059 -21523 -15282 -11304 -20976
30 00000000000000000001010101010100007F7F7F7F7F7FFF808080808080808000000000000000000000000000000000FF000000000000007E8080808080800000010101010101010101010101010101FE7E7E7E7E7E7EFF0000000000000000FF7E7E7E7E7E7E0000000000000000007F000000000000000000000000000000 EFFEFFFFFFFFFEEEFFF6FFFFFFFEFFFF0EEEFFF0FFFFFFF7666F6EEEFFFF0000FFFF1997FFFFFFF1FFFFF990EEEEFFF7FFFFEFFEFFF1EEEEFFFFFFFF0000FFF1 23874 73509 58802 176450 0
-27159 -36230 -18034 -7470 -40276 -14738 -34657 -22041 -18489 -32619
31 0000000000000000000000000000000000808080808080FF80FFFFFFFFFFFF8000000000000000000000000000000000FE0000000000000080FEFEFEFEFEFEFE00000000000000008101010101010100FF0000000000007E00000000000000007F010101010101000000000000000000FF000000000000000000000000000000 EEEFFFFFFFFFFEEFFFFEFFF7FEE6FFFF0EEEFFFEFFFFFFF0666E0EEEFFFF1110FFFF1771FFFF1FF1FFFFFFF9EEEFFFFFFFFEEEEEFFFFFEEEFFFFFFFF0000FFF1 21280 62849 80082 239299 3
-34121 -45216 -22522 -9752 -49490 -19020 -43041 -26761 -23353 -40753
32 0000000000000000000000000000000000000000000000000000000000000000000000000000000000000000000000000000000000000000000000000000000000000000000000000000000000000000000000000000000000000000000000000000000000000000000000000000000000000000000000000000000000000000 00000000000000000000000000000000000000000000000000000000000000000000000000000000000000000000000000000000000000000000000000000000 0 3143 0 3143 0
0 0 0 0 0 0 0 0 0 0
33 0000000000000000000000102000000000000000000000000000081020000000000000000000000000000000000000000000000000000000000000000000000000000000081000000000080000000000000010000040000000000000000000000000000000000000000000000020000000000000000000000000000000000000 00000400040000000000040040000480000004000000040000000200000040000000000004000040000002400000060000004000048000000040040000400000 1836 5743 1836 8886 0
-1484 2552 -212 -440 -108 -1072 -484 -496 -792 -1564
34 0000000000000000000000000000000000000000000010000008000010200000000004000800000000000000000000000000000000000000000010002000000000000400000000000008000000000000001400200000000000000000000000000000000000000000000000000000200000040000000000000000000000000000 000004C00440408020000400400044006000248024002040400000000200420000C0064020000040600020400440004000000000240060002040000000000040 2092 7018 3928 15904 0
-2579 3677 -1466 -911 -672 -1915 -1726 -1942 -840 -2788
35 0000000000000000000000000000000000000004000000000000002000000000000000000000000000000000000000000008002000000000000000000040000000000000000000000004000000000000000800004000000000000000000000000000000000000000000000000000000000000000000000000000000000000000 00000000008004000000000020800000680004804000200000800200600008000000000020000000040000400000048020800000240002804040220004800000 1034 4562 4962 20466 1
-3009 4423 -1596 -1419 -924 -2385 -2378 -2838 -700 -3926
36 0000000000000000000000000000000000000000000000000000000000000000000000000000000000000000000000000000000000000000000000000000000000000000000000000000000000000000000000000000000000000000000000000000000000000000000000000000000000000000000000000000000000000000 00000000000000000000000000000000000000000000000000000000000000000000000000000000000000000000000000000000000000000000000000000000 144 3288 144 3288 0
0 0 0 0 0 0 0 0 0 0
37 0000000000000000000010000000000000000002080020000000082020000000000410020800200000000000000000000000000000000000000000004000000000000000100000000000002000000000000006500040000000000000000000000000000000000000000000000000000000000C00000000000000000000000000 0480020007800800260020002E00010024800400058026000000624000000840030000400600200004000400024000002240624004002E404080040000000200 3544 9775 3688 13063 0
-2804 -2936 236 276 -1484 608 -1852 -2412 -772 -2352
38 000000000000000000000000000000000000000C1208402000002000004040000018000002080020000000000000000000003C00000000000000006000400000000000000010000000000200000000000000780000800000000000000000000000001C0000000000000000000000000000001200000000000000000000000000 0E000EC80E8003806D00060828802FA46020208006004440EAA061480680000007806300044848800E0004400A480F804EC86840048046000EC0060060480700 4924 13881 8612 26944 0
-4313 -6446 260 -426 -2489 -1204 -3601 -5823 -2722 -4941
39 0000000000000000000802000000000000000201040400000004020040000000000000000004000000000000000000000004000000000000000004000080000000000000000000000000000000000000000401008800000000000000000000000003000000000000000000000000000000010000000000000000000000000000 20000FE80F800000502006A07040120030002B0032201400332061202500200007E04000062000800D00208003A80C80170073001A8074400480070040205040 2960 9246 11572 36190 2
-5799 -8518 -126 -282 -2971 -3116 -5775 -7615 -4792 -5685
40 0000000000000000000000000000000000000000000000000000000000000000000000000000000000000000000000000000000000000000000000000000000000000000000000000000000000000000000000000000000000000000000000000000000000000000000000000000000000000000000000000000000000000000 00000000000000000000000000000000000000000000000000000000000000000000000000000000000000000000000000000000000000000000000000000000 0 3143 0 3143 0
0 0 0 0 0 0 0 0 0 0
41 0000000000000000000000000000000000000000000008000000100818000000000010001000080000000000000000000000000000000000000000001000000000000000000000000000080808000000001000100010000000000000000000000000000000000000000000080000000000000000000000000000000000000000 00400440046044000400020044000440004006000040020004400020000004000000000002000400000002200060060000004400064006204440000000000020 2686 7709 2686 10852 0
-704 352 -1184 -1872 -316 160 -540 -1492 -1020 -524
42 0000000000000000000000000400000000002030000814000020001000080000100000200000100000000000000000000030000000000000000030202010000000000000000000000008000000080000006000000024000000000000000000000010000004000000000000000000000000180000000000000000000000000000 44200C404460446040600000E0604420C4066620C420680000440800C420C0000060040000240040C42006600C444460686448006440C220C660002002044000 3966 12516 6652 23368 0
-2744 -581 -1616 -2433 -2701 -821 -2550 -4129 375 -3596
43 0000000000000000000000000008000000000000000020182000000000202000000000000000001800000000000000002008000000000000002000000020000000000000000000000000000000000000000000000040100000000000000000000808000000000000000000000000000008000000000000000000000000000000 00C08404C44220206044000400E04442C0804040444000048006000640E0400000240044C06480406480404000C4E440404400C4642040C4C0C0400400044040 2478 8235 9130 31603 8
-4242 -2615 -2770 -2625 -5575 -553 -4292 -5351 1371 -5114
44 0000000000000000000000000000000000000000000010000000000000000000000000000000100000000000000000000000000000000000000000000000000000000000000000000000000000000000000000000030000000000000000000000000000000000000000000000000000000000000000000000000000000000000 00000000000000400000000000000000000400000040000000400000000000000000000000000000000000000000000000400000000000000040000000000000 572 4655 572 4655 0
320 -770 -255 -275 -345 495 -705 375 -250 -150
45 0000000000000000000010241000000000000400003408000008102008200000000000041000080000000000000000000000000008000000000000080000000000000008000000000008000008000000001400004400000000000000000000000000000000000000000000002000000000040000040000000000000000000000 044004C004602400064002002A4000402240000024400200044402002040080000E00A0024640240044004000024442002240220240062200440006006040020 3888 11930 4460 16585 0
-2492 -2466 -455 -2251 -2169 -261 -5097 455 -1166 -1098
46 0000000000000000000000080000000000000000000800000810200020000000000002080000000000000000000000000810200000000000000000206000000000000000000000000400000400000000000000400000000000000000000000000000000008000000000000000000000000000000000000000000000000000000 204008E06CE008000E0002000A0008604A004A00204000000800062040604A0002600620264000002820240008A06C000200048044000C002C40244006000400 2848 8404 7308 24989 0
-3518 -4812 -2069 -3346 -2268 -2331 -7794 2120 -3212 -444
47 0000000000000000000000000000000000000000000020000000000000000000000000000000200000000000000000000000000000000000000000000020000000000000000000000000000000000000000000000040000000000000000000000000000000000000000000000000000000000000000000000000000000000000 00800004046000800440020000C000C00284400000C0000000040200000040000080004000400000008004400040044000C00080040000C024C0004000000040 926 3371 8234 28360 7
-4456 -5264 -2915 -3714 -2590 -1961 -9324 2092 -3558 -902
48 0000000000000000000000000000000000000000080000000000100000000000000000001000000000000000000000000000000800000000000000000000000000000000100000000000100000000000000020000000000000000000000000000000000000000000000000000000000000000000000000000000000000000000 00000400040000000000000000000000004000000400000000000000000000400000000004000400000004000000000000000000000000000400000000000400 1252 5856 1252 5856 0
-845 105 95 -930 545 15 -50 345 -890 -100
49 0000000000000000000004000000000000000000001C0000001000102800000000000C000000000000000000000000000000000000000000000030200000000000000000000000000010000400000000002800085000000000000000000000000000000800000000000010000020000000080004000000000000000000000000 0C002CC046E04000420044400A002200460040004600020000000820062042000260444002600400420004000440400062400A40420000002400406000400200 3484 10752 4736 16608 0
-4241 -2443 -2341 -1498 1633 99 -2334 -1903 -1410 -148
50 000000000000000000000000000000000000000000000C0000000020002000000000000000000C0000000000000000000010000400000000000000106040000000000000000000000008000004000000001000400008000000000000000000000000040400000000000000000000200000000000000000000000000000000000 024004A0042008800A0004006A0042A04A0266804660224000A2000046404A0000804020046200004C00044008A00680022000A0668008404460006000800220 2882 9037 7618 25645 0
-5579 -3670 -3178 -3202 2011 -2535 -5616 -2905 -1905 -1105
51 0000000000000000000000000000000000000000000000000000000000000000000000000000000000000000000000000000000000000000000000000000000000000000000000000000000000000000000000000000000000000000000000000000000000000000000000000000000000000000000000000000000000000000 00000000002000000200000000000000000020804000020000000000000040000000000000000000080004000000000002000000420000000020000000000020 140 1751 7758 27396 4
-5877 -3848 -3606 -3524 2453 -2655 -5734 -3161 -2025 -1063
52 0000000000000000000000000000000000000000080000000000000000000000000000000800000000000000000000000000000000000000000000000000000000000000000000000000000000000000000000180000000000000000000000000000000000000000000000000000000000000000000000000000000000000000 04000000000000000000000000000200040000000400000000000000000000000000000000000000000000000000000002000000000000000400000000000000 700 4655 700 4655 0
-745 -380 -160 -155 460 -295 -300 -585 125 410
53 0000000000000000000000200000000000000000140000000000182800000000000000000000000000000000000000000000180000000000000000081000000000000000000000000000040000000000000008000000000000000000000000000000000000000000000000000000000000000400000000000000000000000000 04000440060004002000200004000000006000400600000004000000020004000600020006000400040006000640060000002000000004000600020000400200 2188 6786 2888 11441 0
-1925 -1704 -344 -2163 1436 -359 640 -2197 -691 -602
54 0000000000000000000010000000000000000000000820000008000020400000000010000008000000000000000000000008002000000000000000004000000000000000000000000004000000000000000000600080000000000000000000000000001000000000000000000000400000000000000000000000000000000000 0000048006A00000040000400C0004202C8000800480240000204060040048800000004024404400040002400040260004400040248048404E80000000000200 2490 8007 5378 19448 0
-2987 -2817 -1133 -3936 2237 -2060 208 -2839 -1003 -2174
55 0000000000000000000800000000000000000000001400000004200008000000000802000000000000000000000000000000200000000000000000300000000000000200000000000000000400000000000210001000000000000000000000000000080000000000000000000000000000060000000000000000000000000000 24000E602E400400440026000400200020002400220044000440400026002C000660620026600A000C00460008600C0006404440260044001400260000404400 2774 8537 8152 27985 4
-3933 -3825 -1721 -4840 2279 -2338 -58 -3907 -1853 -2964
56 0000000000000000000000000000000000000000000000000000000000000000000000000000000000000000000000000000000000000000000000000000000000000000000000000000000000000000000000000000000000000000000000000000000000000000000000000000000000000000000000000000000000000000 00000000000000000000000000000000000000000000000000000000000000000000000000000000000000000000000000000000000000000000000000000000 0 3143 0 3143 0
0 0 0 0 0 0 0 0 0 0
57 0000000000000000002040000000000000000800000000100020440404000000000008000060001000000000000000000000000000200000000010080800000000001020000000000000040404000000001800800000300000000000000000000000000000000000000000440400000000100000000000000000000000000000 40000A242A2000000A400A0460002000444022004000000008000440000022000004060002000480420042200400AA00240024440A0044804A20420004002200 4154 12866 4154 16009 0
1728 -4432 -2108 -2636 -2384 8 2484 -2120 -820 -1608
58 0000000000000000000002002008000000000000004270080040004040402000180000200000000800000000000000000048000200001000000000808000000000000000000004000004000200000000001880000040180000000000000000000000020220100000000000004000000000240000000000000000000000000000 00600AAC0AA4094069C40AA44140024264088D004082214444C404C64282EA4000C688C24A8C2AC041040AE0040C0A00294424C42B2040406A802824080C0240 5106 15780 9260 31789 0
2592 -10546 -4667 -5552 -7274 -1282 1185 -5696 -1423 -3273
59 000000000000000000000000000000000000040000002E040000000000000000000000001800000400000000000000000004020020300000000000040000000000000000000000000000020002000000000400000038000000000000000000000002000008280000000000000000000000020000001000000000000000000000 256006A602F42030246002862040025062C2124064C01040226E040620E0A0C000642C40008604A0216409A000262320324020603B00214029E0000000062060 3988 11467 13248 43256 0
2756 -14164 -5875 -6504 -10374 -2924 -907 -6484 -2033 -4253
60 0000000000000000000000200000000000000000000000000000002000000000000008000000000000000000000000000000000000000000000000000000000000000800100000000000000000000000000000000000000000000000000000000000000000000000000000000000000000000000000000000000000000000000 00000000000000000000000000000000000000000000000000002000000000000000000000000000000004000000000000000000000000000000040004000000 920 5067 920 5067 0
-195 -210 165 15 15 -55 -210 335 -380 -95
61 0000000000000000000004000400000000000000047E3C0000182040444000000000060000003C00000000000000000000102044000000000000001060000000000004000000000000000000000000000004000082380000000000000000000000000006000000000000000000000000000C0002000000000000000000000000 00C008E40CE00060022000800240206062064E0062E042200066006002C04A0002E048E0026602402400048000E40C00026402600000264022E020E000040220 6322 18033 7242 23100 0
-2167 -7442 -1839 -717 -2369 -731 -5390 -749 -956 -679
62 0000000000000000000002000000000000000000000000000800000000100000000000000000000000000000000000000800000000000000000000000020000000000000000000000400000200000000000000040000000000000000000000000000000000000000000000000000000000000000000000000000000000000000 220060A06060000000000000030002000204490022400100032400000240080000E00040200002000180244000A04000036002C06100020022E0204000000000 1474 5015 8716 28115 0
-3895 -10136 -4110 -1950 -2849 -1862 -9116 19 -1037 482
63 0000000000000000000000000000000000000000000060181000100000002000000000000000001800000000000000001000000000000000001020000040000000000000000000000000000000000000082000000000100000000000000000000000000000000000000000000000000004000000000000000000000000000000 40C0442C64C20080004440040000404208080008204040448088000402C0480000A40040408C0680400444C000CC4000424800044400000064C02004000C2040 2374 7959 11090 36074 9
-4783 -12106 -4964 -1990 -5275 -3108 -11866 -407 -805 1190
64 000000000000000000000800080000000000002020100800002020200010000010001C002C00080000000000000000000000001000080000000060002000000000000000080000000020001000000000005800380008000000000000000000000000001000000000000020000000000000100008000000000000000000000000 4C002A408C2080004420000086208620CE4004004E40422022600000044084000860040044400060C400444008800000262008204400C4006660444000000220 5170 16221 5170 16221 0
-4220 -5730 -2220 1235 -2345 -1610 -4375 -1805 -1780 -55
65 000000000000000000000000000000000000000010001E040000001010080800000000000000000400000000000000000020000804040000000000200010000000000800000000000000000800000000002000000006000000000000000000000010000804040000000000000000000000080000000200000000000000000000 08600846046040204222004242304420446666246460422080462042846084600460440044660640022004602046042046340620460040204E70440200060420 3786 11802 8956 28023 0
-9300 -9222 -3268 2911 -6293 -3382 -10391 -2997 -3780 -3047
66 0000000000000000000000000000000000000000002000020000000000000000000000000000000200000000000000000000000000000000000000401000000000000000000000000000000000020000000000000000040000000000000000000000000000000000000000000000000000000000000000000000000000000000 0020004204420C20002000020820042144200610442002220060000304200420000204400022040004020400084200000C22000242000C200060000000020020 1324 4592 10280 32615 0
-11874 -10260 -3040 3814 -7874 -5224 -13046 -2922 -5103 -5039
67 0000000000000000000804080200000000080048000000003048000800000000000002400200000000000000000000003040000000000000001000000000000000000400000000000000000000000000100440040000000000000000000000000C00000000000000000000000000000004000000000000000000000000000000 4200C802684022100A00400066202A108220A200A62044100A100000062084000A000C2042024200EA00400000404400C230482020006200E220220002000000 3164 11216 13444 43831 3
-13382 -12660 -3656 4372 -9704 -5718 -15010 -3784 -5645 -6317
68 0000000000000000000000000000000000000000000000000000000000000000000000000000000000000000000000000000000000000000000000000000000000000000000000000000000000000000000000000000000000000000000000000000000000000000000000000000000000000000000000000000000000000000 00000000000000000000000000000000000000000000000000000000000000000000000000000000000000000000000000000000000000000000000000000000 144 3288 144 3288 0
0 0 0 0 0 0 0 0 0 0
69 0000000000000000081008000800000000000000083418000810202028200000000004001000180000000000000000000000200800000000000000006000000000040800000000000000000000000000000000500410000000000000000000000000000400000000000000002000000000000004000000000000000000000000 004028A04C600800064040000A000AE00E444800064002000064242004404C0002E04040066426000C00244000A40800026402A042802E402440406000042200 5070 14019 5214 17307 0
-3356 -5436 -1712 -1204 320 -1924 -6940 320 -2668 2100
70 0000000000000000000004000000000000000000004020000000004840400000000000000000200000000000000000000010004400000000000000000000000000000000000000000000000400000000000000008020000000000000000000000000040000000000000000000000000000000000000000000000000000000000 028000C404C00200020000800240024042044A0046C002000044600002400A0000C00280024000000200240020C02000024000400A00040024C000C020000200 2060 7194 7274 24501 0
-4142 -8754 -4103 -2254 725 -2266 -8833 -175 -3868 2430
71 0000000000000000000000000000000000000000000800001020000000000000000002000000000000000000000000001820000000000000000030400000000000000400000000000400000000000000080040000000000000000000000000000000000000000000000000000000000004000000000000000000000000000000 4C00688068E00040480000000200022080000A0062406200880000200200C00002200600404000004820640000406C000A000E00440000006660200048002020 2300 7427 9574 31928 9
-4942 -11054 -5451 -2238 193 -2990 -9879 -641 -4230 2868
72 0000000000000000001000000000000000000000000018000010000000000000000000001000180000000000000000000000000000000000000000000000000000000800000000000000000000000000000000000038000000000000000000000000000000000000000000000000000000000000001000000000000000000000 00400000000000000040000000400020004400000040000000440000004040000040400000440040000000000004000000640000000000400040004000040000 1792 7600 1792 7600 0
-580 -2320 -140 -180 -1595 485 -2470 700 -445 -305
73 000000000000000000000800080000000000003008042000002000100800000000000C000000200000000000000000000020000800000000000010000000000000000000000000000000000000000000000820000470000000000000000000000000000400000000000010000000000000180004002000000000000000000000 4080246404604000024000000240024042C4240066C04220266420200480404006604400422006004060040024200000224006604240028024E0442040000220 3916 11650 5708 19250 0
-3012 -7392 -2184 -1404 -3983 3365 -5638 -2072 -2581 -1545
74 0000000000000000000004000000000000000000000844001008000800200000000002000000040000000000000000001000000400600000000000000008000000000400000000000000000404200000000400000000000000000000000000000400000000000000000000000000000004000000000000000000000000000000 00404020406000600240000022C0226002CA424066E0424000C2000006A006800420062002620600604040800028002002C00240604020C066E0206000080220 2922 9804 8630 29054 0
-5241 -11556 -4167 -2514 -5762 4742 -8362 -3335 -2194 -2517
75 0000000000000000000000000000000000000000000000300800200010404000000000002000003000000000000000000800000000000000000020300000000000000000000000000400000000000000080040000080200000000000000000000000000000200000000000000000000000000000000000000000000000000000 0C006C4C6C6000404044400C02404404C0C0040060C402C80040040C0680C280080406806408008068C024000C48640002C80C086000800020E0200040042000 2956 9136 11586 38190 5
-6617 -13486 -5893 -3216 -7486 5210 -8990 -4799 -2724 -3737
76 0000000000000000000000000000000000000000000000000000000000000000000000000000000000000000000000000000000000000000000000000000000000000000000000000000000000000000000000000000000000000000000000000000000000000000000000000000000000000000000000000000000000000000 00000000000000000000000000000000000000000000000000000000000000000000000000000000000000000000000000000000000000000000000000000000 0 3143 0 3143 0
0 0 0 0 0 0 0 0 0 0
77 0000000000000000000000080000000000000000000008000000000010000000000000001000080000000000000000000000000000000000000000000000000000000000040000000000000000000000000000100010000000000000000000000000000800000000000000000000000000000008000000000000000000000000 00000000000000000040000000000020000000000440000000000000000000000000002000000000000000000000000000200020000004000440000000000000 1524 5322 1524 8465 0
-388 -760 252 -32 -572 -116 -960 956 -388 -344
78 000000000000000000000000000000000000002032180000000040000010000000000C0022000000000000000000000000004010000000000000002000000000000000000000000000000000000000000000006E0000000000000000000000000000101000000000000000000000000000000004000000000000000000000000 0E4008400C400400060000400E000500064004000E00024002600020060000000C4004000C4000000E4008000C60040007200400020004000E40024000000400 3072 9818 4596 18283 0
-2329 -3796 -36 -446 -248 -638 -2103 308 -1795 -704
79 00000000000000000000000000000000000000400804000000000040000000000000000000000000000000000000000000000038000000000000000000000000000000000000000000000000000000000000C0000000000000000000000000000000200400000000000000000000000000000002000000000000000000000000 060008400E0008000200080007000600024004200E000600084004000C2086000A200400006004000A0004000040000006008E00000006000F00082000000400 1614 6004 6210 24287 7
-3653 -5220 -378 -600 -20 -674 -2821 24 -2713 -1108
80 0000000000000000000000000000000000000000000000000000000000000000000000000000000000000000000000000000000000000000000000000000000000000000000000000000000000000000000000000000000000000000000000000000000000000000000000000000000000000000000000000000000000000000 00000000000000000000000000000000000000000000000000000000000000000000000000000000000000000000000000000000000000000000000000000000 144 3288 144 3288 0
0 0 0 0 0 0 0 0 0 0
81 0000000000000000000000000000000000000000180000000000300000000000000000001008000000000000000000000000300000000000000000100000000000000000000800000000080800000000000010300000000000000000000000000000000000000000000000000000000000000800000000000000000000000000 040004400C0006000640040004000000002002000400400004404020040040000400400000400400040006000400060004004000000046000400000000400400 2544 7531 2688 10819 0
-840 -928 -548 -1372 256 -356 1316 -1004 -1236 -1628
82 00000000000000000000000000100000000000380000000000200028081000000000000004000000000000000000000000200800000000000000200000000000000000000400080000000000000000000000400400000000000000000000000000080C0000000000000000000000000000080400000000000000000000000000 44000C00064046004200004022000640C02062400200644084000420060080600600004006400020060044200C00460026006000624046000600060000604200 2936 9371 5624 20190 0
-1659 -3205 -1577 -2830 394 -1136 2972 -3620 -1980 -2789
83 0000000000000000000000000000000000000000000400000010000010001000000000000000080000000000000000000010040000000000000010082000200000000000000000000000040400000000001000000020000000000000000000000004000000000000000000000000100000040000000000000000000000000000 02000C440640000060000240240004006040444042402000002000200200C00000000060060020044E0002040440264020402400664020004444044000400200 2452 8250 8076 28440 6
-2151 -3841 -2661 -3692 -312 -1688 4032 -5644 -2324 -4087
84 0000000000000000000000200000000000000000000000000000002000000000000000000000000000000000000000000000000000000000000000000000000000000000100000000000000000000000000000000000000000000000000000000000000000000000000000000000000000000000000000000000000000000000 00000000000000000000000000000000000000000000000000000000000000000000000000000000000004000000000000000000000000000000000000000000 490 4311 490 4311 0
-70 -95 -175 -55 175 -20 0 120 -65 120
85 0000000000000000001008001000000000000010082410000010000000200000000004000004100000000000000000000000000804000000000000000008000000000800000800000000000000000000000020004410000000000000000000000000000400000000000010002000000000000004000000000000000000000000 020000A000600040024000200A4002400204400006400A000040202004404A0006A04A4000600600002004000020000002400200000002000440440040200200 3296 10742 3786 15053 0
-1834 -3191 -903 -911 7 -264 -3056 292 -665 316
86 0000000000000000000004000000000000000000001808000800200020000000000000000000080000000000000000000000200000000000000000206000000000000000000000000800000400000000100000480000000000000000000000000000000800000000000000000000000000000000000000000000000000000000 0C4048C04CE00A000A2044000A000AA008000000046002000A6420200640080000600060004400000C40244028844C200A2402E042002C002440244000040000 2900 8426 6686 23479 0
-4453 -7169 -2874 -677 -8 -2541 -7262 1216 -2810 1516
87 000000000000000000000000000000000000000000600000100010400000000000040000000000000000000000000000100000440000000000102010000000000004000000000000000000000000000004200000000000000000000000000000000004000000000000000000000000000C000000000000000000000000000000 40C06480444040C042004080220040008A006A0006404200C000086000404A0000C00000004024004A0044004480600042000000460020000E40004060002000 2060 8149 8746 31628 9
-5109 -8683 -4112 -1201 -200 -3615 -8596 1020 -3106 1816
88 0000000000000000000000000000000000000000000000000000000000000000000000000000000000000000000000000000000000000000000000000000000000000000000000000000000000000000000000000000000000000000000000000000000000000000000000000000000000000000000000000000000000000000 00000000000000000000000000000000000000000000000000000000000000000000000000000000000000000000000000000000000000000000000000000000 0 3143 0 3143 0
0 0 0 0 0 0 0 0 0 0
89 0000000000000000000000100000000000000000000000000008081000000000000000000000000000000000000000000000000000000000000010000000000000000000080000000008080000000000001000002000000000000000000000000000000000000000000008001000000000000000000000000000000000000000 00000400040040000000040040004400400024000000200040000200000044000000040020000040400022400000400000000000240060000000000004000000 1992 6098 1992 9241 0
-1232 2228 -388 -1036 -1332 -1092 -536 -360 -376 -1424
90 0000000000000000000000000020000000000000000000000000100010200000000010000800000000000000000000000010000000000000000000002000000000000000000010000000000000000000000000200000000000000000000000000000000000000000000000000000000000080000000000000000000000000000 00000440044004000400000040000400000044004440000004000200404044000000400000000000000000400000060000004000440040004000044004400000 1552 5563 3544 14804 0
-2378 3650 -598 -1999 -2094 -1899 -488 -1047 -637 -2426
91 0000000000000000000000000000000000000000000030100010000000002000000000000008001000000000000000000000000000000000000020300020000000000000000800000000000800000000002000000040000000000000000000000000000000000000000000000000000000000000000000000000000000000000 048004004440400000400040008044000824460040000000000000240084400000C000400004042040800640048404404400008044400A8040C0000000040000 2098 7095 5642 21899 1
-2674 3224 -1278 -2235 -3354 -2497 -1238 -1947 -275 -2936
92 0000000000000000000000000000000000000000000000000000000000000000000000000000000000000000000000000000000000000000000000000000000000000000000000000000000000000000000000000000000000000000000000000000000000000000000000000000000000000000000000000000000000000000 00000000000000000000000000000000000000000000000000000000000000000000000000000000000000000000000000000000000000000000000000000000 0 3143 0 3143 0
0 0 0 0 0 0 0 0 0 0
93 0000000000000000000010201000000000000400002000000008102010200000000000040000000000000000000000000000000000000000000000000000000000000008000800000008000000000000001400000000000000000000000000000000000000000000000000000000000000040000000000000000000000000000 00000000044020400440000020000000220000002040000000000220200000000000000020400000000004000000444000000000244062000440000006000000 2268 7855 2268 10998 0
-240 340 -384 -796 -1000 -436 -1396 -288 -700 -1056
94 0000000000000000000000000000000000000000000810000000080020000000000000000000000000000000000000000008002000000000000010002040000000000004000000000004000000000000000800004000000000000000000000000000000000000000000000000000200000000000000000000000000000000000 000004C004C000C024000200480004002000048004002000000002004000480000C0084024004200200046400080060020800000240000004040004006000000 2256 6896 4524 17894 0
-801 874 -963 -1966 -1684 -2044 -2617 -1161 -508 -2064
95 0000000000000000000000000000000000000000001008200010200000000000000000000000082000000000000000000010200000000000000000304000000000000000000000000000000008000000000000400000400000000000000000000000000000000000000000000000000000000000000000000000000000000000 04400CC80C600C00080004880A8000A0480444004040000808C400244000480000684000040408000C00044008E00C20000C048804000A200E40004000840020 2436 7326 6960 25220 1
-1475 -902 -2019 -2900 -2016 -2710 -3601 -2189 -1140 -2058
96 0000000000000000000000000000000000000000000000000000000000000000000000000000000000000000000000000000000000000000000000000000000000000000000000000000000000000000000000000000000000000000000000000000000000000000000000000000000000000000000000000000000000000000 00000000000000000000000000000000000000000000000000000000000000000000000000000000000000000000000000000000000000000000000000000000 0 3143 0 3143 0
0 0 0 0 0 0 0 0 0 0
97 0000000000000000000000000010000000000038200000000000600000100000001000003400000000000000000000000000600000000000000000200000000000000000040008000000000400000000000038600000000000000000000000000000100000000000000000000000000000001000000000000000000000000000 08000E000E0004004000400048000640406000000E00404000004000060000600C0004000C4000000C0000000C000C0004004400020044000C00064040000400 3682 10710 3682 13853 0
-1304 -2848 564 -960 568 -1424 1420 -1284 -2668 -1400
98 0000000000000000000000000000000000000000500000080020102408080000000000000024000800000000000000000020080000000000000000080000000000000000000400000000040000000000000008000000100000000000000000000008000000000000000000000000000000000400000000000000000000000000 0C000CC40E400C00644042C40440044200C04040020044040C4004600620C0400404022046A0C8200C000620048046600C8064040200C0200C20060040E04600 3254 9581 6936 23434 0
-2807 -6112 -699 -2922 418 -1397 3070 -2739 -4879 -3671
99 0000000000000000002000000000000000000000080000000010004040001000002000000000000000000000000000000010040000000000000010C010000000000000000000000000000000000000000010C0100000200000000000000000000004240000000000000000000000001000040000000000000000000000000000 44000E440E040400C4000A4424004200604062404600A8008040C0A04C00C0400E04800004000404460048240C402E000C00AC006C0424000E00080080648600 2956 10003 9892 33437 6
-3329 -7680 -1245 -4446 -614 -2567 4702 -5153 -5559 -5235
100 0000000000000000000000000000000000000000000000000000000000000000000000000000000000000000000000000000000000000000000000000000000000000000000000000000000000000000000000000000000000000000000000000000000000000000000000000000000000000000000000000000000000000000 00000000000000000000000000000000000000000000000000000000000000000000000000000000000000000000000000000000000000000000000000000000 144 3288 144 3288 0
0 0 0 0 0 0 0 0 0 0
101 0000000000000000001000000810000000000610001038100008003020302000041000200C000010000000000000000000042000000000000000102020600000000000000800000000020000000000000004300040080000000000000000000000001000000000000000000000000000000E0000000000000000000000000000 24C00E8404C004804020040078A0442062445600244068202AA44A042040600000E04440044400C00C8004400EC40480382048A00400604020E0044040040020 6114 17021 6258 20309 0
-2936 -2296 1076 1396 -4048 -3796 -5904 -2360 -900 -2088
102 000000000000000000000000000000000000000A00004020003020000040400008000000000000200000000000000000003800000000000000002040400000000000000004000000000000000000000000184000008020000000000000000000000C000000000000000000000000000000000000000000000000000000000000 68400A880CCC2800680004CC68002004E0004480644060008040020C64C4C0E024C444446448A8A06000444008880C8068A028802480C80020A0064000080040 3666 11036 9924 31345 0
-4196 -5602 698 1117 -7450 -5536 -7581 -6173 -1815 -4899
103 0000000000000000000000000000000000000000000000000000000000000000000000000000000000000000000000000000000000000000000000000000000000000000000000000000000000000000000000000000000000000000000000000000000000000000000000000000000000000000000000000000000000000000 000008080C00000000000000000000004000000060400000000000000000C0000000004000000000600004400008000020000000000040000000040000000000 190 1806 10114 33151 3
-4254 -5584 730 1185 -8172 -5694 -7449 -6825 -1807 -5219
104 0000000000000000000000000000000000000000000000000000000000000000000000000000000000000000000000000000000000000000000000000000000000000000000000000000000000000000000000000000000000000000000000000000000000000000000000000000000000000000000000000000000000000000 00000000000000000000000000000000000000000000000000000000000000000000000000000000000000000000000000000000000000000000000000000000 0 3143 0 3143 0
0 0 0 0 0 0 0 0 0 0
105 0000000000000000000000001000000000000010080000000000100010000000000000000000000000000000000000000000100000000000000000100000000000000000000800000000080800000000000030000020000000000000000000000000000000000000000000000010000000000800000000000000000000000000 04000440040002000240044000000000000002000000000044400020040040000400000000400400000006000400060000004000004002000440000000400000 2428 7277 2428 10420 0
-556 -164 -900 -1428 160 16 976 -840 -816 -780
106 0000000000000000000000000000000000000020300008000020200000100000000000002000000000000000000000000020080000000000000020202020000000000000000000000000000008000000000040000000000000000000000000000008080000000000000000000000100000080000000000000000000000000000 4C000C400C4044004800404026000400C0C06600040068000C4004000400C0400E400000004000000E4044600CE0464026004C004240C42004400C4040004600 3374 9015 5802 19435 0
-1906 -2159 -2316 -2226 -236 -632 1819 -3207 -1941 -2079
107 0000000000000000000000000000000000000000000000000010000000000000000000000000000000000000000000000010000000000000000010000000000000000000000000000008000000000000001000000000000000000000000000000000000000000000000000000000000000000000000000000000000000000000 00000C40044000004000000000004400400040004000400000000000400040000C00400000000000400004000400044004000400600040004400040000000400 678 3528 6480 22963 6
-2092 -1961 -2666 -2524 -654 -798 2513 -3911 -2077 -2885
108 0000000000000000000000000000000000000000000000000000000000000000000000000000000000000000000000000000000000000000000000000000000000000000000000000000000000000000000000000000000000000000000000000000000000000000000000000000000000000000000000000000000000000000 00000000000000000000000000000000000000000000000000000000000000000000000000000000000000000000000000000000000000000000000000000000 144 3288 144 3288 0
0 0 0 0 0 0 0 0 0 0
109 000000000000000000000000002000000000000A341800000000302010200000000C0000000000000000000000000000000038000000000000000030200000000000000000001000000000000000000000001E4000000000000000000000000000000C0000000000000000000000000000000E00000000000000000000000000 0C000E400E400600600066002C00260028002000030046002800600006000800070040000C4020000E40044006C00E002E006400060066000C00064020404600 5118 13498 5262 16786 0
-1720 -3356 -920 -1016 -140 -1244 528 -3716 -2968 -1580
110 0000000000000000000800000000000000000000000010200000040020000000001000000000002000000000000000000000000000000000000000404040000000000000000000000000000000000000000060000000400000000000000000000002100000000000000000000000000000021000000000000000000000000000 00400EC80E4008006E00040808800004200064800000640090406004000060800E400000044048000C0004400E800C000408688804004C000640044060800600 2476 7948 7738 24734 0
-2779 -6020 -1637 -2114 -194 -2192 264 -5843 -4612 -2654
111 000000000000000000100000000000000000000402000000000800000000400004000000020000000000000000000000000C000000000000000008000000000000000000000000000002020000000000000C00000000800000000000000000000004000000000000000000000000004000040000000000000000000000000000 220006080F0801002000040870002180602030802200300062A04100200060000708430000200000300000400028258070206000300860000200020000000100 2390 8160 10128 32894 6
-3219 -6504 -1017 -2706 -1944 -3130 -676 -7893 -4804 -4854
112 0000000000000000000000000000000000000000000000000000000000000000000010000000000000000000000000000000000000000000000000000000000000000000000000000000000000000000000000000000000000000000000000000000000000000000000000000000000000000000000000000000000000000000 00000000000000000000000000000000000000000000000000000000000000000000000000000000000000000000000000000000000000000000000000000000 352 3722 352 3722 0
0 0 0 0 0 0 0 0 0 0
113 000000000000000000000800000000000000080000383800001018104000000000000004000038000000000000000000001000004000000000003020102000000000000400000000000000000800000000300400007000000000000000000000000C000000000000000000000000000000040000000000000000000000000000 40C006C444E040406000060062C024604404440064C02200004402204040440002E00440028440004280448004C40600604462406400624042C0004002042060 5142 14497 5494 18219 0
-2140 -4704 -1920 -1344 -2932 -344 -2948 -3416 1552 -1412
114 0000000000000000000000040000000000000000000404001000000000100000000000020000040000000000000000001004000004000000003000000000000000000000000000000004000004000000300000000000000000000000000000000C00000004000000000000000000000004000000000000000000000000000000 80604000446040200200400022006040040664006060220000060200202000002060026020624000E000420000604020226000406400020040E0006002002220 2426 9050 7920 27269 0
-4183 -7344 -2952 -2052 -5581 -746 -6713 -4079 3253 -2447
115 0000000000000000000000000000000000003000004050082000000080001000000020200000400800000000000000002000000080000000000000000050000000000000000000000000040400000000000000006080000000000000000000000000002020000000000000000000000000000000000000000000000000000000 4480C4C4C6E200C00CC40E84400044028C082C4080A0088484C8488460C0400040C0220084AC02404480404044CC66C048C8488024404880C0E042800C0C4200 3494 10567 11414 37836 8
-5407 -9262 -3528 -3024 -7935 -1372 -9043 -6647 3981 -4533
116 0000000000000000000000000000000000000000000010000000000000000000000000000000100000000000000000000000000000000000000000000000000000000000000000000000000000000000000000000030000000000000000000000000000000000000000000000000000000000000000000000000000000000000 00000000000000400000000000000000000400000040000000400000000000000000000000000000000000000000000000400000000000000040000000000000 572 4655 572 4655 0
320 -770 -255 -275 -345 495 -705 375 -250 -150
117 0000000000000000000000040000000000000400003C280000183020200000000000000C0000280000000000000000000010200008000000000000204020000000000000000000000000000000000000000400400C400000000000000000000000000000080000000000000000000000000C0000040000000000000000000000 00C008E40CE00800060006002AC00A606A84420020E040000204024060604A0000E0426004C40C0008C0040000E40C20026402E0040004402CC0006002040460 5130 13941 5702 18596 0
-1732 -6122 -2539 -1815 -1685 -205 -5357 1023 -2438 -1658
118 0000000000000000000000000000000000000000004040000800004040200000000000000000000000000000000000000800004000000000000000002040000000000000000000000400000000000000000000008000000000000000000000000000000000000000000000000000000000000000000000000000000000000000 08C000C06CE000800A000400000000400A084800004020000084020000C0480000E0000024400080080004C000C84480000000004C00208020C0244002082000 1676 6182 7378 24778 0
-2878 -7583 -4372 -2502 -2372 -2650 -8546 1704 -2582 -659
119 0000000000000000000000000000000000000000080000300000000000404000000000000000003000000000000000000000000000000000000008100080000000000000000000000000040400000000000000000000200000000000000000000000000000000000000000000000000000000000000000000000000000000000 020046AC20C020000044028C0000220400000880020404080060042C0080000002840040024800802020248004A8208000880448208000000480008000040200 2202 6794 9580 31572 7
-3014 -9289 -5438 -3414 -3390 -3268 -9696 462 -2756 -801
120 0000000000000000000000000000000000000000000000000000000000000000000000000000000000000000000000000000000000000000000000000000000000000000000000000000000000000000000000000000000000000000000000000000000000000000000000000000000000000000000000000000000000000000 00000000000000000000000000000000000000000000000000000000000000000000000000000000000000000000000000000000000000000000000000000000 0 3143 0 3143 0
0 0 0 0 0 0 0 0 0 0
121 0000000000000000000000000000000000000010080000000000001000000000000000000000000000000000000000000000000000000000000000200000000000000000000000000000001000000000000020080000000000000000000000000000080000000000000010001000000000000800000000000000000000000000 00000400040002000200040002000000000000000400000000000000040000000400040000000000000004000000000002000000000000000400040040000200 1600 5532 1600 8675 0
-1504 -528 -312 -320 496 -156 -92 -516 -224 -4
122 0000000000000000000000000800000000000000002010080010100000101000000000000824000800000000000000000010000000000800000030001020000000000000000400000008080004000000003000002000080000000000000000000000000400080000000000000000000000080000000000000000000000000000 040004A406624000402004446020424244406640444220A400600004004040000242464000240440462004400404426262404AE0664002004420044000200220 4152 12150 5752 20825 0
-3364 -2580 -867 -1541 -1589 -2484 -2057 -2235 511 -1924
123 000000000000000000000400000000000000000800003C000020002024000000000000200000000000000000000000000020000400100000000000002000000000000000000000000000000400000000000000004000000000000000000000000000040000000000000000000000000000000000000000000000000000000000 04C008A606E042404A2004C60A000600CC04624046400A00080608264240C24002E0044002C40020448044600CE40620088008C04600C8402060060000040260 3092 8690 8844 29515 8
-4270 -5612 -1921 -2341 -2073 -3712 -3483 -4187 569 -1784
124 0000000000000000000000001000000000000000000000000000000010000000000000140000000000000000000000000000000000000000000000000000000000000004000800000000000000000000000008000000000000000000000000000000000000000000000000000000000000000800000000000000000000000000 00000400004000000040020000000000000000000000000000000020000000000000020000000200000000000000020000000400004004000040000006000000 1260 6189 1260 6189 0
365 -315 -525 -460 -715 265 -70 90 -925 -220
125 0000000000000000000040082000000000000004027C38000000400440400000001C000800003800000000000000000000000C003000000000000400801000000000002000000000000002000000000000003C801830000000000000000000000000000028000000000000404000000000003600000000000000000000000000 00C00EC40AE008406C404E80244022606004220002C044406E44646002C0280006E024E008C444000240028006E40E404C64E6600840646008C00AC06E040F40 6848 19195 8108 25384 0
1545 -7851 -1825 -2956 -4347 -907 -2418 -2322 -4325 -2804
126 00000000000000000010000000000000000000000000000000080440000000000020000820000000000000000000000000084200000000000000089040000000000000000000000000000000000000000008C0000000000000000000000000000006220000000000000000000000000000020000000000000000000000000000 28402EC00B402940EF002E807440204060043C002AC0BC406244C400000060000F60480000402C802A400A0004602B407440E4402800E5000AC008C0E2000440 3354 9866 11462 35250 0
2382 -12654 -2623 -4387 -7302 -1912 -3333 -5238 -5873 -5393
127 000000000000000000200000000000000000000088C000000010808000100000080000000000000000000000000000000010800000000000000010400020000000000000000000000000000000000000001000000000000000000000000000000008000000000000000000000000000000080000000000000000000000000000 02000AC00AC0084028000A4060000A00600048006280240000A0C60000C040000EC0C4004880040008808840068028006C40640028004C000CC0088000008800 2692 8716 14154 43966 0
2644 -13792 -2859 -5139 -8566 -2652 -3507 -6216 -6933 -7139
128 0000000000000000000000000000000000000020000000000000002000000000000000000000000000000000000000000000000000000000000000000000000000000000000000000000001000000000000020000000000000000000000000000000000000000000000000000000000000000000000000000000000000000000 00000800040000000000000000000400000000000400000000000000040000000000000000000000000000000000040000000000040000000000000000000000 646 4666 646 4666 0
-835 530 -360 -85 210 -605 120 -325 -60 -255
129 000000000000000000000000000000000000000008301000002020002420000000000800080010000000000000000000000010180000000000004040600000000000000000000000002000040400000000400018000800000000000000000000000010100008000000002000000000000000000C000000000000000000000000 0C400AA00EE088004200040086000A0004044A80044042000040004006408E0008000440046000000420444008C002200E000A004A00C4400660004040000200 4450 13142 5096 17808 0
-2251 -2930 -3204 -2045 2282 -2901 -1136 -2213 -1056 405
130 00000000000000000000000000000000000000000400200000000000040400000000000000020000000000000000000000000004000000000000000000200000000000000002000000000000001000000000000C0200080000000000000000000000000200000800000000000004000000000002000000000000000000000000 048000640060020002200020020002400640020006400224002400100640020000800040046402000600046008200020064002C0022006400620024000200260 2276 7671 7372 25479 0
-3982 -6233 -3798 -3107 2516 -3525 -2846 -3410 -1143 1398
131 0000000000000000000000100000000000006010000002100000001000002000000040000000001000000000000000000060000002000000000000200040000000000000000000000000000002000000002000000000000000000000000000000010080002000000000000000000040000100000000000000000000000000000 421008A0843042804A7404704A8040008E000500C61040008A2084048400820004348600046480200C24841008A402B0420043004320CA1486A0042408244040 3224 9723 10596 35202 4
-5780 -7805 -4520 -3865 2466 -4855 -4642 -4822 -1569 508
132 0000000000000000000000000000000000000000000000000000000000000000000000000000000000000000000000000000000000000000000000000000000000000000000000000000000000000000000000000000000000000000000000000000000000000000000000000000000000000000000000000000000000000000 00000000000000000000000000000000000000000000000000000000000000000000000000000000000000000000000000000000000000000000000000000000 144 3288 144 3288 0
0 0 0 0 0 0 0 0 0 0
133 0000000000000000000800200000000000000000180000000008102800000000000000000000000000000000000000000000100000000000000000001000000000000400000000000000000800000000000000100000000000000000000000000000000000000000000000080000000000000000000000000000000000000000 04000000040004000000000004000000004002000400000004000000060044000400000002000400040026000040040002000000040002000400000000000000 1898 6643 2042 9931 0
-1584 -376 -1012 -992 1288 -400 -400 -952 -640 356
134 0000000000000000000014000000000000000000040820000000000020400000000012000008000000000000000000000000002000000000000000004000000000000000000000000000000000000000000000640080000000000000000000000000001000000000000000000000400000000008000000000000000000000000 040000C004800400060000400E0004200CA00080048006000020006004000C800200400004400600040020400040040006400040048048400E80200020400000 2682 8585 4724 18516 0
-4200 -1660 -1825 -1571 2656 -1228 -2068 -1174 -1834 -550
135 0000000000000000000000000000000000000000003410000010200000000000000000000004100000000000000000000018200000000000000008300000000000000000000000000004040400000000000800000000000000000000000000000000000000000000000000000000000000040000000000000000000000000000 02000C600E40000024000080000022402404640022004400004440604200480004604240026408002800440008C02C0004C0044026000400464022C000204600 2600 8649 7324 27165 4
-4508 -4228 -2871 -2615 2432 -1488 -2024 -2128 -2216 -1212
136 0000000000000000000000000000000000000000000000000000000000000000000000000000000000000000000000000000000000000000000000000000000000000000000000000000000000000000000000000000000000000000000000000000000000000000000000000000000000000000000000000000000000000000 00000000000000000000000000000000000000000000000000000000000000000000000000000000000000000000000000000000000000000000000000000000 0 3143 0 3143 0
0 0 0 0 0 0 0 0 0 0
137 0000000000000000001008002000000000000400180860100010001000002000000000000008001000000000000000000000000000401000000000200020000000000004001000000004000000000000000820000040100000000000000000000000000800000000000010000020000000040000000000000000000000000000 0080024C040400800000044402C000200088000064802240008000642480400004844040000404004004044000480200204000C02400004004C00404004C2240 4320 12711 4320 15854 0
-2296 -2700 -536 -440 -3140 -812 -2160 -2472 1160 -1228
138 0000000000000000000000040000000000000000000420000008100060000000000000060004000000000000000000000018000044000000000010000000000000000000000000000000000000000000000000000C00000000000000000000000000000000000000000000000000000000000000000000000000000000000000 088004A000E0000002C40420020002006000440000A00240022C02440420428000A0420024EC048000A044C00444048002400A40048002400480202002200440 2322 7792 6642 23646 0
-4690 -5091 -1592 -521 -2939 -1646 -5442 -3342 1355 -2746
139 0000000000000000000000000008000000000000040010280000000000404000080000000010002800000000000000000000000000000000000020000040000000000000000000000000040400000000003000000080380000000000000000000008000000000000000000000000000000080000000000000000000000000000 000020AC26A62080226002EC60402006400040A04002224400E4006C008440C000660640020422C060040600002C208462CC0064208040406080000400240240 3038 9913 9680 33559 8
-5596 -7423 -1724 -953 -5583 -2308 -7434 -4930 1311 -4784
140 0000000000000000000020001000000000000000000010000000200020000000000000003000100000000000000000000000000000000000000000000000000000000010000000000000000000000000000008000030000000000000000000000000000000000000000000000000000000000800000000000000000000000000 000004000040000000400000004000400044000000C0040000400400004000000040000000400000000004000000000000400400080004000440000000000400 2102 7878 2102 7878 0
225 -1585 -1040 -1235 -880 1085 -790 1255 -1535 180
141 000000000000000000080000000000000000000C024468100000444C4840200000180008000000100000000000000000000042001020000000000C10C000000000000000000000000000020000000000000018800040000000000000000000000002020000300000000000004000000000023000000000000000000000000000 20C00ECC0FC0284068446A0044402A4060C82A002AC05440628444040280A8C00640468042C442C02A400B8006AC2B405440E4C03A4045400EC00A00640C0540 6544 18128 8646 26006 0
1789 -9285 -1640 -4467 -4224 -2127 -2710 -2821 -4887 -2228
142 000000000000000000100000000000000000000000002000000800000020000004000000000000000000000000000000000C200000000000000000480040000000000000000000000002000000000000000C20000000000000000000000000000004100000000000000000000000000000040000000000000000000000000000 02C00E800EC020C0244002047440200060043804224044402088400422C0608006804200044C08802C4002C0048006806C406040280064800CC0000400044440 2634 8446 11280 34452 0
2416 -12834 -1619 -5712 -6303 -4293 -4138 -5407 -5424 -4247
143 0000000000000000000000000000000000000800040200000030000000000000080000000002000000000000000000000030000000000000000000000000000000000000000000000000000200000000001000000000000000000000000000000008000000000000000000000000000000080000000000000000000000000000 21400C202AC0020061000000200020106000610062006000220040304280E000042000004020C0002000420004202200212064202000E420A280020000002000 1798 6425 13078 40877 0
3006 -14746 -1925 -6628 -7711 -4839 -4108 -7017 -5754 -5445
144 0000000000000000000000000000000000000000000000000000000000000000000000000000000000000000000000000000000000000000000000000000000000000000000000000000000000000000000000000000000000000000000000000000000000000000000000000000000000000000000000000000000000000000 00000000000000000000000000000000000000000000000000000000000000000000000000000000000000000000000000000000000000000000000000000000 0 3143 0 3143 0
0 0 0 0 0 0 0 0 0 0
145 0000000000000000000000000810000000000000201000000000200020100000000010000010000000000000000000000000000010000000000000000020000000000000000408000000000000000000000000401000000000000000000000000000001008000000000000200000000000000010080000000000000000000000 0C0000C0084008000400004004000440040000400040044000000060004004000040044000400020004000200000002004000400000004000820004000400420 3004 8955 3004 12098 0
-344 -2436 -1716 -672 -912 -372 404 392 -860 340
146 0000000000000000000000000000000000000C0010083408002000200008200018000C000000000800000000000000000000001008000000000060404010000000001000000000000020000004000000005C00000800100000000000000000000000000800000000000020000020000000180000040000000000000000000000 48C00A64A0E4A82066400244AA40AA42CE820E40602046642280064604208C402864042046440C00C020442028C4086026402EC44820C44064A0444404042460 5234 15491 8238 27589 0
-2078 -8697 -4008 -831 -4281 -594 -3001 -2029 -2183 283
147 000000000000000000000000000000000018066200000810304004000020000000000046000000100000000000000000304C000000000000000000002040000000000000000000000002000000000000100040000000000000000000000000000C04000000000000000000000000000000020000000000000000000000000000 6040CAC4686020A02A044240B0802100C200B080E40062408A460B04644080002AE4040446462400680044400AC4A0E0FE402E0022006C40644060400A042060 4076 13391 12314 40980 3
-3914 -11761 -5028 -361 -7169 -492 -6035 -4391 -2539 -579
148 0000000000000000000000000000000000000000000000000000000000000000000000000000000000000000000000000000000000000000000000000000000000000000000000000000000000000000000000000000000000000000000000000000000000000000000000000000000000000000000000000000000000000000 00000000000000000000000000000000000000000000000000000000000000000000000000000000000000000000000000000000000000000000000000000000 0 3143 0 3143 0
0 0 0 0 0 0 0 0 0 0
149 000000000000000000002000080000000000000002006810000006444010400000000408300000100000000000000000000400081020000000000C008000000000000010200400000002024000000000000400880000200000000000000000000000000000200000000000004040000000020000001000000000000000000000 21400A8C0340200022400A8420402A4022403A002A40144002C4040C20C02AC000C40C000248068022400580020C0A00184020C03A40250026E0080000040400 6062 16710 6062 19853 0
1872 -5496 -300 -3000 -3332 -3472 -2208 -2072 -1332 -1176
150 000000000000000000100000100000000000000C004430000008600808402000041000000000000000000000000000000008400000200000000000104000000000000000000000000000000000000000000818000070000000000000000000000004000000100000000000000000000000042000000000000000000000000000 02C00E482EC028402844080864402A4060CC28406AC064406048440402C0E8C0064042A002C440C0280006A004AC22406440A4C02A4064A02CC00A04040C2040 4130 13090 10192 32943 0
3066 -10611 -1008 -5193 -6074 -5038 -3144 -5366 -3081 -3015
151 0000000000000000000000000000000000000000000000080000000000000000000000000004000800000000000000000000000000000000000000000000000000000000000000000000000000000000000000000000100000000000000000000000000000000000000000000000000000000000000000000000000000000000 004004240A44004000400004004000422040000022C0004400004422028000400064000000840080004400800400000000400464284040000480000000200000 878 3459 11070 36402 0
3520 -12587 -1266 -6113 -7410 -4916 -3742 -5558 -3575 -3859
152 0000000000000000000000000000000000000000000008000000000000000000000000000000080000000000000000000000000000000000000000000000000000000000000000000000000000000000000000000018000000000000000000000000000000000000000000000000000000000000000000000000000000000000 00400000000000000000000000000020004000000040000000000000000000000000000000000000000000000000000000200000000000000040000000000000 700 4655 700 4655 0
-70 -215 270 -95 -375 135 -1135 660 -275 -110
153 0000000000000000002040000020000000000C0000044000002044045800400008000802000000000000000000000000000C000010200000000010088000100000001022000010000000040040000000001C02800000000000000000000000000002000000200000000000404040000000120000000000000000000000000000 40400AC82AE028402A400A806400200064042804604022004000050060806CC000200C040280048060404EC00620AAC0200424240A4064006AC0400004042A80 5676 17320 6376 21975 0
1894 -6343 -1950 -3059 -4339 -701 -1863 -2840 -1559 -3198
154 00000000000000000000000010000000000000000008343000102040004000000400000032000430000000000000000000204000000000000004080040800000000000000200000000020200000000000008000000202000000000000000000000000000001000000000000000000000000C0000000000000000000000000000 20C00A4C6AE0084068400A8C3040284460423C0068E070482066052C60E4E840006440A44ACE20E058404380048C2B00346024C03A40E4002EA002600A0C20A0 4876 13856 11252 35831 0
3565 -13837 -2817 -5588 -9406 -2984 -3456 -5906 -2183 -5328
155 00000000000000001000000000000000000000000080C0080040000080000000100000000000000800000000000000000044000000400000000040800000000000000000000000000000000000000000002080000000100000000000000000000414000000000000000000000000000000000000000000000000000000000000 4080020C0AC6200060480A0CE04028026008A88068C06040004C040CA080E08020C480A0400C080060408880000C08006044244468002080ECA0080400000080 2628 9325 13880 45156 0
3955 -16385 -3675 -6480 -11928 -3022 -4134 -8196 -2575 -7454
156 0000000000000000000000000000000000000000000000000000000000000000000000000000000000000000000000000000000000000000000000000000000000000000000000000000000000000000000000000000000000000000000000000000000000000000000000000000000000000000000000000000000000000000 00000000000000000000000000000000000000000000000000000000000000000000000000000000000000000000000000000000000000000000000000000000 0 3143 0 3143 0
0 0 0 0 0 0 0 0 0 0
157 0000000000000000000000000000000000000000000000000010101010000000000000000000000000000000000000000000000000000000000020202000000000000000000000000010101010000000002000000000000000000000000000000000000000000000000010101000000000000000000000000000000000000000 00000440444000000000440000000000000044000000000000000000040044000000440004000400400004400000440040000000440000000440040000000400 1928 6965 1928 10108 0
-2108 1832 -1116 -140 152 -736 -1168 152 -912 -200
158 0000000000000000000000000800000000000000000018080000000000101000000000000000000800000000000000000000000000080000000000000020000000000000000000000000000000080000000000000000000000000000000000000000000008080000000000000000000000000000000000000000000000000000 00200404044000200020044400200002000000200040002000000006004000400020040000440040002004400004044000200020446000000040000000040040 1750 5929 3678 16037 0
-3065 1847 -1362 529 -1834 -1957 -3589 425 -1431 -620
159 0000000000000000000000000000000000000000000000000000000000000000000000000000000000000000000000000000080000000000000000101010000000000000000000000000080808000000000000000000000000000000000000000008080000000000001000000000000000080000000000000000000000000000 00404444046044004400444000000400400006400000200000000000004044000000000040000440060006600040466062000000660002204440400000004000 1826 5794 5504 21831 1
-4287 3057 -2290 -175 -1986 -2769 -4279 -393 -1623 -938
160 0000000000000000000200000000000000020802301C02000880090020000000000200440118020000000000000000000000004010040000000002000000000000000004010000000881040000000000164000401806000000000000000000000000001000000000000880200000000004400000000000000000000000000000 48204340734090002C4032402C101010802010009920244040700A6018200C1070602030A2400010006021002040700024502C509000A4000B20216002402400 5996 20313 5996 20313 0
-3795 -8300 -2075 1520 -5985 -1715 -5885 525 -4025 -4690
161 00000000000000004000200A01080400100BC000003801018880A002500204004002409C0000740100000000000000001E8020021C0100000010001004220002000880000000100209800000100100000F800000BC0000FC0000000000000000054000081401000000000000004000000F8000000C0000500000000000000000 80C07AE2FCF2D020CE9374C18E3E9D70881FCE30907EE650CA8E2E41B0748E0438F03640FCF38E00B162A71062E1FD70A43E26E4D1B2A668E4F6B0504F83B450 10000 35370 15996 55683 0
-12631 -16356 -7819 -424 -15553 -5743 -19221 -1851 -9781 -10966
162 0000000000000000001021481408200000000C0030C8000E001024081048400810004900A008400000000000000000000000004210000000100408008C108C1000000210000040000200200000000100100000001A80004200000000000000000614204A4A042200000000800000000000000000010000000000000000000000 EDE27EE77EFFB0A0FFF86A40EE6C7BAE8B08FFF0DBBBE544CF6B3E40203A8E08797FB4BAE9CA4F1DFAFFB6A066C27671FCFCEF6CE9B86E24ACEF78EA0F602651 10612 30083 26608 85766 0
-19291 -24945 -13411 -2923 -24622 -9796 -27687 -5535 -14590 -19093
163 0000000000000000081408000000020000956000000710CC480000A0140040C4000028040080100000000000000000009B0000100000002080688000408800000000000000020000000000021000004016D800000C20008700000000000000005810120305202820002000000010000007000001000000000000000000000000 C164FAECFAEBA136E76474E8EF05EEBBCE8CEFA0D9BAE7548A406640B5FB0E00F0762CB2EC7BC648F3EF86E07864FFE0EDC7E7E5D1EEEE90F4EBE4EA1EA0F650 9564 32118 36172 117884 3
-23737 -29837 -16957 -5137 -30290 -11926 -33661 -8487 -16764 -23695
164 0000000000000000000002040000000000000004000000040001000000000800000000040008000000000000000000000000000000000802000000000000000000000001000000000000000000000000000004001800000E00000000000000000000020000000200000000000000000000000200000002000000000000000000 00000240000600010021024000000200000202000002000002400200000200000200022000020000000201000000010000020240000102020102020202000100 3400 11348 3400 11348 0
-1765 -2745 425 -385 -3075 -1145 -1980 370 -1615 -1285
165 000000000000000004011088010004000060000470180008A404048420084408000BB00003B009000000000000000000600802201004000000000028400008040002000004200100A00004000000400073000A600007800800000000000000000004001008060000008004000000000072000020000300000000000000000000 8E42F3DEEFCA280234D0B2C80C3214B20CF430A05E33A6503CD251600E232C21D7427320EEE21D212A726A2AC84474AAE471FCF02490CD60CD3AA20030C06400 10158 32829 13558 44177 0
-9593 -12577 -2435 -485 -9963 -6497 -10972 -1938 -6743 -11093
166 0000000000000000204400010210000000008864300081D00028242402928000000000000400001000000000000000000800040202004000005848000C04180000022000000102000004042002000000580008100004700000000000000000003414120A01404000000000008080000004000000000020000000000000000000 8E78EA6CEE3AE4106FD0F2C4E5F1E5681CE1E7E42B3E65D11E45D14C4E3A20E0DC5F30C466C85B32EF5C6EB2DF4CE730E5F5EDA42320F5F44E1BE278B1E5E798 9770 29518 23328 73695 0
-16451 -23878 -8792 -4394 -16629 -8528 -14686 -6141 -8894 -17801
167 000000000000000000009000020401000088180800030B66808880819204004400088000064001000000000000000000940000000308400008000410040004000000000000000200890100000100000048500802000A000000000000000000004442521042002000088004008000000095000000000000000000000000000000 6E30E77EEF7EEE30F7E1F268ED31A6310C61A7A1BA70DD594673D3C1EE3E20E0EC3FA3A6EE795200EF7AEBD2CE66FFB0D5B0E7A2B7A0ECB0EF73AE3A60C0ED10 9314 30372 32642 104067 3
-20939 -30272 -11220 -7158 -21671 -10628 -19166 -8891 -11252 -22731
168 000000000000000000000000000000000020000000030820000C000000600000002800067000082000000000000000000800000222400000000800000000200000000000000000000404000001000010780008C00218400000000000000000000000000000000000000000000000200014000000013000000000000000000000 0040E4B8607008000B40E20800E0000401C4008028D4C0E84880040820140180C03822846010420060C0200000206010C0ACC728200002400840205002002400 6236 20169 6236 20169 0
-2905 -6650 -3570 -4185 -6355 1395 -4975 -1460 -2265 -4140
169 0000000000000000102411000842082040240004060281F080A09084818280100020030008020C0000000000000000007400402000000010108004080204100000400000400401008000400100010000640200220010803800000000000000001200400208404000208004008080000042000001000000080000000000000000 0C04F73AEF3840185562AB10C1E671F60BC673847FD485A2022692A84B9C0184633CA28CEABC86A06D56CA908228C130D7E6C3AC4D5088E01E62EE5CC0809BB0 9698 33516 15934 53685 0
-8957 -17254 -9114 -8941 -16651 -81 -13591 -6228 -6857 -12272
170 00000000000000000021420009401800002010B8440006E180208280082280A000401000544008010000000000000000E01088000070803064488004808462880000200010002800A200000000208010C010001C00144018000000000000000050594B00207050082000000000080000D0000000001000080000000000000000 6DDCEE2BEF7E6B58EDD4A288D7E6C7F604C7F2E67EDC9DE26632D6A94ADD00C0C66EBEACCFFD92E0EEDEE8F8F62AFBB8E7E6B76EFB54DFECCE7EEF5C80C1DAB0 12564 41156 28498 94841 0
-15287 -27559 -15837 -13162 -26437 -2652 -20107 -12564 -10565 -20831
171 000000000000000010404000201004000046108080100360A0A080800A800000000490006680080000000000000000000600000000400008000000208000800200002000C000080221210080000000004E0000CC007E003C00000000000000001440406001041400008080008000000019000000003000000000000000000000 EADEA668FF7E48566FF7B001CFF6DFF20EE7CFE57ADCACE2066784A17A9C00A4FE7E859CFEEF8EE77CFEC9B8A63BF833FFF6A6EADF46CAE86EF7F87CA0C1D130 9578 32615 38076 127456 5
-20193 -34325 -19197 -15706 -33209 -4592 -25885 -16744 -13833 -27555
172 00000000000000000000001400000000000130000800004530000010000002000009000000160040000000000000000020000008000204000010000000000400000800000204000000000000000002200F2000000000C5000000000000000000000008040000000000100000000000021C000004000001000000000000000000 0202D00AC0034200423074130230020004100002820042306022243004080420700B02204401203000004020600340004210523240004021C420400120224000 5890 20648 5890 20648 0
-6005 -4285 -1755 3175 -5450 -2105 -7300 -2820 -4620 -3365
173 0000000000000000B0400090200000000060000020100020800000902080A8000000A01000D000000000000000000000000000002000100020000020480000000000000000100000000000002000A800406000003800501400000000000000002000002000401014000000000000208000000000000000000000000000000000 8C8EC4C8C64E40064CC004E8C4C446860C8006C484A4C4C0CCC084E8C0040E80E04EC4E08C864028CCC60C648C4846EEC48C8CCA42848CCEC86680080CE84640 6720 21023 12610 41671 0
-13389 -8905 -5299 67 -12478 -3681 -10464 -9996 -8448 -11757
174 000000000000000004082000080118000068300000005C322028220020020222000134086100100000000000000000005C0010000040010044124000000420040002200000000000A2000200000200005F00006000500600000000000000000014104010180B0500008200208000000037000000080102000000000000000000 E8C4EEEEFEEFE8237EF6B44A6EF2E6FF0E94FEB6FAD544706EA4D76870E504A0F64F54D0ECD75C20ECE7CD61FC6AF467F4F6FCF86436FDFBED61C8463ED06461 11424 35119 24034 76790 0
-20163 -17461 -7954 -1607 -22216 -8289 -19092 -15612 -14643 -20337
175 0000000000000000000040100001800000C000080270A09B808022028290828200404008000100000000000000000000C000028021080A000000882480E0024400800100080100018800020210000300D04010C40420070000000000000000004414014120280900000000000000000080000180080000000000000000000000 EBF3EEEFEFEFEB2BFCF8D49FFFB2EA9A0EB0FFFAEBD1557A2AEEC6FA81C50A30F6EFD571EDDF9EE0EBFFF1D1C2AFFFFBCFFAECF27A32F5F3E9E1C5C7943A75F1 11596 35827 35630 112617 3
-24649 -24421 -11530 -2889 -29406 -12935 -25054 -18338 -18903 -24657
176 00000000000000000020000000000000000200002040000000A2088000000000000000800040000000000000000000000000400000000000000010000000000000000000000000000089080000000000021000108000001800000000000000000000401000000000000080000000000000080000000000000000000000000000 4C0000001C00440000000000E40014004000A4005800A000080000005800480000800080080000006800CA000400D400240004007000E6004000000000800000 4058 13893 4058 13893 0
5 -3325 -600 -1290 -3030 -2295 1575 -2940 -605 -3840
177 0000000000000000082411C0200002000002183E80C00034122029C8886420000C0011001D400A00000000000000000006394800002C001000084290408040000100022821800001020008000024000004514400C01E007E0000000000000000012C244000001000020800084000000001200000001400000000000000000000 6E246D807F8CDC006F602A80E8677DE044667EC05BE6226045D2168052A6E8A03E869AA47E64E4917AE65A802E803E807C766AAA6D60F6C4D7671B202C40BA00 11812 40218 15870 54111 0
-3811 -14213 -1976 -3770 -14526 -7731 -4037 -7792 -6177 -13300
178 0000000000000000000000400254000000200804304C02C8C0002000208004840002504022C002000000000000000000A00008001006010010400010680108200000000400800000000001000000010420080A20D00680060000000000000000100500524205400A000000000880000040000000000100000000000000000000 EEEAAFDBFFFB7C0CFED02A83BC703DF84CE67CB05BEEAF514CC1CEC451FE9C7067F87FB2FFEBE590DFFFFE80CE8EFF112C77FEF4FD12FEB4CF7F0E2E0EC0EF11 10154 31692 26024 85803 0
-10309 -25628 -4493 -6452 -25032 -12546 -11960 -10195 -11112 -22939
179 00000000000000000400000000000100003010031008804F0828888888088440000040000400080000000000000000005010048004040000000880100010080E00000000040100000820008080020101D41014500000400B00000000000000005C1414101416050000080080088000041C000000000200000000000000000000 6EE7E64FEFEBEC43ECD32ACBEC776CF34C66FCF87BEFEE70450286A058AF0CA065CF28A06EEF28B2EE7FEAA2E6CEFE7BECF36CF6EC73EEF4EE3762AB2A806631 9950 34140 35974 119943 2
-14183 -32188 -6631 -7948 -31564 -15372 -16538 -13183 -14054 -29173
180 00000000000000000000000000440000001904000000004208000000000400000003000200000040000000000000000018000000000000000004000000000200000000020000220008000000000000001F0000000400C0000000000000000000000000000000000000000000000000000E000000000000000000000000000000 40007008600020001200700000000080000000001000622050000180200000A0700A10A860000008400000006000200060002008000020002000600012882000 4166 15460 4166 15460 0
-3060 -3860 -1965 405 -3390 635 -2965 -3965 -1755 -2985
181 00000000000000006002000422040000108E402018048A6C508A00202044814020144800014C0004000000000000000006C020100C4299000220804006016480000109000010000401002000000201001EC000600C02FC0000000000000000000420100C024100000140000004000400258000000201A8000000000000000000 86B0F87FFC3FA610C6B074EEEAB0E1B18BE0E6BAB5A9E6DCAFEE67EAB42B0AF0F42E22AAA44D0550F43D14506A2E7459EFF4E3FEC010E6F88C57B42A42E2B6D0 12524 41481 16690 56941 0
-15876 -13456 -7077 -279 -14982 -1357 -14437 -9009 -7299 -14397
182 0000000000000000082048060004200000004802280611CC080048050004204400024806609C02080000000000000000120004100C80000010481228829888100004100000000010010004110400200006C006800A02180000000000000000000A2000100A2A300200008000040100000A000000000010000000000000000000 CEA8FBFFFFBF9034EFF477EEEEF4FBBA0DC0F7B8DDBA6274EEF122E6B53E06A07F3E37B2EEE5AD50FAFEFFF06E6FFFFFEEF4E6F6DB90E6C4EE75F62E53C6B674 12174 37526 28864 94467 0
-25164 -24502 -13035 -879 -24921 -5485 -24730 -13314 -12423 -24123
183 0000000000000000409000000000100002110820100042210191008450C14101000000021000000000000000000000002900000008002000002000004000400800000000000000010000000000410100330020008800082000000000000000004800204820200000010000000000400158000000000000000000000000000000 4E24FEEFFEFF8994AEF45FEFAA549DB40EC04FBADDA2EA75DFE6276C94BE02B0F43F27B2FEEDCCC1FAE43EA9786EFFF5E6D46EF49F9DEC64FC6DFCBD4A41E6D5 8096 25321 36960 119788 3
-30582 -29926 -16519 -2435 -30499 -7865 -31346 -16058 -15973 -30101
184 0000000000000000020400000000000000200002100000060204100010000004002008040008000000000000000000000000000000000002000002080000000000010204000000000010000008000000600000300000040300000000000000000000000800000000000000000000000000000020000000000000000000000000 0000A442644004010400C04204006401040020004C0382000400104044022000C200600000020600060112000040560084018600440004001601600002400000 4400 15502 4400 15502 0
-3915 -1650 -2310 -1750 -2620 -1420 -3280 -595 -1580 -1345
185 0000000000000000000441040006080000460180680088C70024418101058C000044410270060004000000000000000066000882080044002240002082080200000002004000000010001001010040000C0308C00E008E0000000000000000000208480000420200000000000180000038000080004008000000000000000000 2C31FF7EFF3B59016FE0673A9FA039B009C0E1B07919AFE22C72B222592B01A0AF2B33A36DEA1710797A1A10A6627D71BFA0A6E25911DEA0DC4AFC2BA3A256A0 11220 35713 15620 51215 0
-12623 -13370 -8294 -2566 -14024 -5216 -12252 -3351 -8728 -10533
186 00000000000000000820420040000000000018E4620800000020C084D480808000008208E002180000000000000000001010800000800000000184608400800400000000C00000000000010010810400201A00C200E0000800000000000000001800A40208202A00000100008010000000040000000000000000000000000000 6ACABF73FFFB7902BFF262F23DA0BDB90BD4F6B46A94EDE26FE6A66A4E9B23807B03A7B04DCE9AE06B465EF88E62DF3AFFE6BFE379F0EAA47FCA6E4E00E0DD6A 10544 31218 26164 82433 0
-18962 -22265 -12953 -4345 -23063 -8927 -19152 -6294 -14845 -20103
187 000000000000000008001008240108000000002800106C300010000014950510000402086000080000000000000000000200080400480200000000300024100800000000000000010100000400040100020028E0004802000000000000000000021854020808000800000000800400000B000000000000000000000000000000 0BC0BF6F3F7F1C206FF2467E2EA26FA648C4F6B47AC53CE224E6A6224EA442B07E663E304CEE0CE37EF74AEBBC6EFF733FE6EEB67D32EEA05DE36E64A2047F60 9826 28351 35990 110784 3
-22486 -28389 -16133 -5391 -29487 -11713 -23470 -8868 -17803 -25555
188 0000000000000000001420000000000000600900000000100000200000008000000001000000000000000000000000004010000000000000000002000000000000000210000000002000000000008000400300400000400000000000000000000014000000000000000000000000000020060040000040000000000000000000 E000800080081000000000803080280019004000780060801000420040002000C00060004008000000000400800040003080A000180064081400A00000006000 4054 14593 4054 14593 0
-1815 -3320 -1180 -680 -4330 -755 -2700 -2570 -1045 -2290
189 00000000000000008144090000208512001200C6C00000BAA10481840020819800080106E06006300000000000000000300400020020C81A00000200000010400000010480000060080580000000010930030CA00000700F000000000000000000004000002048000081000000000081180100000000C0060000000000000000 3845D70DDB0F384939CBE28D3D8B390131C238907947E38B0BC0EEA47B0F21C26B0F2B06E98B1380F84F48484E8C1919FC8F56DA114BE88EDB2B780983C87C88 10460 38037 14514 52630 0
-9111 -15348 -3556 -3504 -18402 -2295 -10336 -10802 -7933 -15422
190 00000000000000000000A0001000400000000B00F004003000108100900004000100000431000C000000000000000000220F004010040009220000500000000600000000A100000010000100000200003C0200C00004209F00000000000000003901204000000104000000008000100000000000000200000000000000000000 3862FFCEFD4F380B3FEBC2C83CD31D7728C3BCF17967FEDA65C6AFA4780730417E0F3CA4FBCF0C867A4F7C0046885D0BFCBBBEAE595BFCAEDDFFDB2803C0DC08 9068 28938 23582 81568 0
-15981 -25638 -6580 -4272 -30519 -5133 -17839 -15956 -15232 -26468
191 00000000000000002040000015080400000800D05008204920C08088000020000048200002480600000000000000000008008840000610000490A0808442282000080004000000008000000000050000502000100006004C00000000000000000440482A16120800008000000000000018000000000100000000000000000000 AC67D7EEFD7F7862F2F2E00C9CFAFDFA28F6FB36FA27DFDA44EB2DA43C3F3092ECFEE824C9EEC7B2FF7ECFC4CDCCFE58DCFACCFDD073DEA05FAFDC7682C8D850 10482 31939 34064 113507 3
-20523 -33028 -9210 -5046 -38099 -7493 -23961 -19382 -17594 -32394
