192
0 1 0000000000000000
1 0 0000000000000000
2 0 0000000000000000
3 0 0000000000000000
4 1 0000000008000000
5 0 0000000000000000
6 0 0000000000000000
7 0 0000000000000000
8 1 0000000000000001
9 0 0000000000000000
10 0 0000000000000000
11 0 0000000000000000
12 1 0000000000000000
13 0 0000000000000000
14 0 0000000000000000
15 0 8000000000000000
16 1 0000000000000000
17 0 0000001000000000
18 0 0000000000000000
19 0 0000000000000000
20 1 FFFFFFFFFFFFFFFF
21 0 0000000000000000
22 0 0000000000000000
23 0 0000000000000000
24 1 0000000008000000
25 0 0000000008000000
26 0 0000000008000000
27 0 0000000008000000
28 1 FFFFFFFFFFFFFFFF
29 0 FFFFFFFFFFFFFFFF
30 0 FFFFFFFFFFFFFFFF
31 0 FFFFFFFFFFFFFFFF
32 1 0000000000000000
33 0 0000080810202000
34 0 000C001000100000
35 0 0000040020000000
36 1 0000001000000000
37 0 00000E2820600000
38 0 0000300618006000
39 0 0006010044000000
40 1 0000000000000000
41 0 0010081808180000
42 0 0028300010240800
43 0 1000000000003000
44 1 0000000000300000
45 0 000C08102C080000
46 0 0400102410000000
47 0 0000000000400000
48 1 0000101004200000
49 0 0018000C38080000
50 0 0000082000142000
51 0 0000000000000000
52 1 0000001800000000
53 0 00000C0428000000
54 0 0004002010604000
55 0 0002100004080000
56 1 0000000000000000
57 0 0018244444043000
58 0 0024400202600800
59 0 00000200001A0400
60 1 0008001020000000
61 0 0004182C5E7C0000
62 0 0400000200001000
63 0 0810000000002800
64 1 0038203810180000
65 0 0000100008060C00
66 0 0000000020000200
67 0 1804480400000000
68 1 0000001000000000
69 0 040810282C380000
70 0 0000080440400000
71 0 0814200010000000
72 1 0008100000380000
73 0 001020180C400000
74 0 0804080400042000
75 0 0400002010005000
76 1 0000000000000000
77 0 0000001408180000
78 0 0000206A10000000
79 0 0000400004000000
80 1 0000080000000000
81 0 0000103808001000
82 0 0010200400080000
83 0 0008040004100010
84 1 0000001020000000
85 0 000810080C300000
86 0 0800002410080000
87 0 0410080040000000
88 1 0000000000000000
89 0 0008080810100000
90 0 0010001000002000
91 0 0000100008201000
92 1 0000000000000000
93 0 000C081028100000
94 0 0000040810202000
95 0 0000102000084000
96 1 0000000000000000
97 0 0000387400081000
98 0 001004002C000800
99 0 0008400840000010
100 1 0000001000000000
101 0 000E3A0830383000
102 0 0010042408404000
103 0 0000000000000000
104 1 0000000000000000
105 0 0000181808101000
106 0 0010202010080000
107 0 0008000000000000
108 1 0000040000000000
109 0 00001A3C38102000
110 0 0004200000204000
111 0 000A000200000040
112 1 0010000800000000
113 0 00081C1038780000
114 0 1804000004041000
115 0 0020000440800800
116 1 0000000000300000
117 0 000C18303C480000
118 0 0400000040002000
119 0 0000040C00005000
120 1 0000000000000000
121 0 0000101810000000
122 0 0018080024101800
123 0 00002004002C0000
124 1 0000140008100000
125 0 00002A4654680000
126 0 000C402000000000
127 0 00100098A0001000
128 1 0000201000000000
129 0 0020002C34340000
130 0 0000000002001400
131 0 0040100000022000
132 1 0000000800000000
133 0 0004081028000000
134 0 0000002410604000
135 0 0008140004100000
136 1 0000000000000000
137 0 000C141818603000
138 0 0000080024000000
139 0 0010000400004800
140 1 0000142000300000
141 0 00042A464C483000
142 0 000A001020000000
143 0 0010000002000000
144 1 0000000000000000
145 0 0024002034081000
146 0 0018201008240800
147 0 1802460000102000
148 1 0000000000000000
149 0 0006126644583000
150 0 00082C0008200000
151 0 0000000000000800
152 1 0000000000180000
153 0 001C26444C402000
154 0 0002102200245000
155 0 0820400080800800
156 1 0000000000000000
157 0 0010101010100000
158 0 0000000000081800
159 0 0000080808000000
160 1 0EC9842138060020
161 0 0B8010005A5103CC
162 0 000E04A40B440C07
163 0 2568201286104042
164 1 012005029800040E
165 0 F2840C74200F4244
166 0 082864240382B000
167 0 8885088081130420
168 1 6C040CC003396010
169 0 A092C01784818258
170 0 A23023CE002AE1B0
171 0 0DA100C0804A0044
172 1 1B30100A1400CB22
173 0 40A00040B0202088
174 0 AA240A2000FA0610
175 0 800830C25390138B
176 1 0299A868C0000118
177 0 02122C21C02E2466
178 0 6040052498029005
179 0 A8280A8808884605
180 1 1F4802000422C401
181 0 09C120B01C027D20
182 0 0418244105450864
183 0 31009010C0400110
184 1 6112045108004403
185 0 142330E005818740
186 0 001869C612D4008C
187 0 05001834903C3510
188 1 602B14A00000A089
189 0 1881C4C10010708D
190 0 101201A008060256
191 0 8820D05C68251120
